----------------------------------------------
PP user1 1 2500 92.9700136184 0 92.9700136184 92.9700136184
PP user1 2 2500 92.9700136184 92.9700136184 185.940027237 185.940027237
PP user1 3 2500 92.9700136184 185.940027237 278.910040855 278.910040855
PP user1 4 2500 92.9700136184 278.910040855 371.880054474 371.880054474
PP user1 5 2500 92.9700136184 371.880054474 464.850068092 464.850068092
PP user1 6 2500 92.9700136184 464.850068092 557.820081711 557.820081711
PP user1 7 2500 92.9700136184 557.820081711 650.790095329 650.790095329
PP user1 8 2500 92.9700136184 650.790095329 743.760108948 743.760108948
PP user1 9 2500 92.9700136184 743.760108948 836.730122566 836.730122566
PP user1 10 2500 92.9700136184 836.730122566 929.700136185 929.700136185
PP user1 11 2500 92.9700136184 929.700136185 1022.6701498 1022.6701498
PP user1 12 2500 92.9700136184 1022.6701498 1115.64016342 1115.64016342
PP user1 13 2500 92.9700136184 1115.64016342 1208.61017704 1208.61017704
PP user1 14 2500 92.9700136184 1208.61017704 1301.58019066 1301.58019066
PP user1 15 2500 92.9700136184 1301.58019066 1394.55020428 1394.55020428
PP user1 16 2500 92.9700136184 1394.55020428 1487.5202179 1487.5202179
PP user1 17 2500 92.9700136184 1487.5202179 1580.49023151 1580.49023151
PP user1 18 2500 92.9700136184 1580.49023151 1673.46024513 1673.46024513
PP user1 19 2500 92.9700136184 1673.46024513 1766.43025875 1766.43025875
PP user1 20 2500 92.9700136184 1766.43025875 1859.40027237 1859.40027237
PP user1 21 2500 92.9700136184 1859.40027237 1952.37028599 1952.37028599
PP user1 22 2500 92.9700136184 1952.37028599 2045.34029961 2045.34029961
PP user1 23 2500 92.9700136184 2045.34029961 2138.31031322 2138.31031322
PP user1 24 2500 92.9700136184 2138.31031322 2231.28032684 2231.28032684
PP user1 25 2500 92.9700136184 2231.28032684 2324.25034046 2324.25034046
PP user1 26 2500 92.9700136184 2324.25034046 2417.22035408 2417.22035408
PP user1 27 2500 92.9700136184 2417.22035408 2510.1903677 2510.1903677
PP user1 28 2500 92.9700136184 2510.1903677 2603.16038132 2603.16038132
PP user1 29 2500 92.9700136184 2603.16038132 2696.13039494 2696.13039494
PP user1 30 2500 92.9700136184 2696.13039494 2789.10040855 2789.10040855
PP user1 31 2500 92.9700136184 2789.10040855 2882.07042217 2882.07042217
PP user1 32 2500 92.9700136184 2882.07042217 2975.04043579 2975.04043579
PP user1 33 2500 92.9700136184 2975.04043579 3068.01044941 3068.01044941
PP user1 34 2500 92.9700136184 3068.01044941 3160.98046303 3160.98046303
PP user1 35 2500 92.9700136184 3160.98046303 3253.95047665 3253.95047665
PP user1 36 2500 92.9700136184 3253.95047665 3346.92049026 3346.92049026
PP user1 37 2500 92.9700136184 3346.92049026 3439.89050388 3439.89050388
PP user1 38 2500 92.9700136184 3439.89050388 3532.8605175 3532.8605175
PP user1 39 2500 92.9700136184 3532.8605175 3625.83053112 3625.83053112
PP user1 40 2500 92.9700136184 3625.83053112 3718.80054474 3718.80054474
PP user1 41 2500 92.9700136184 3718.80054474 3811.77055836 3811.77055836
PP user1 42 2500 92.9700136184 3811.77055836 3904.74057197 3904.74057197
PP user1 43 2500 92.9700136184 3904.74057197 3997.71058559 3997.71058559
----------------------------------------------
DD user3 1 1900 27.6348590851 2127.88414955 2155.51900864 2155.51900864
DD user3 2 1900 27.6348590851 2155.51900864 2183.15386772 2183.15386772
DD user3 3 1900 27.6348590851 2183.15386772 2210.78872681 2210.78872681
DD user3 4 1900 27.6348590851 2210.78872681 2238.42358589 2238.42358589
DD user3 5 1900 27.6348590851 2238.42358589 2266.05844498 2266.05844498
DD user3 6 1900 27.6348590851 2266.05844498 2293.69330406 2293.69330406
DD user3 7 1900 27.6348590851 2293.69330406 2321.32816315 2321.32816315
DD user3 8 1900 27.6348590851 2321.32816315 2348.96302223 2348.96302223
DD user3 9 1900 27.6348590851 2348.96302223 2376.59788132 2376.59788132
DD user3 10 1900 27.6348590851 2376.59788132 2404.2327404 2404.2327404
DD user3 11 1900 27.6348590851 2404.2327404 2431.86759949 2431.86759949
DD user3 12 1900 27.6348590851 2431.86759949 2459.50245857 2459.50245857
DD user3 13 1900 27.6348590851 2459.50245857 2487.13731766 2487.13731766
DD user3 14 1900 27.6348590851 2487.13731766 2514.77217674 2514.77217674
DD user3 15 1900 27.6348590851 2514.77217674 2542.40703583 2542.40703583
DD user3 16 1900 27.6348590851 2542.40703583 2570.04189491 2570.04189491
DD user3 17 1900 27.6348590851 2570.04189491 2597.676754 2597.676754
DD user3 18 1900 27.6348590851 2597.676754 2625.31161308 2625.31161308
DD user3 19 1900 27.6348590851 2625.31161308 2652.94647217 2652.94647217
DD user3 20 1900 27.6348590851 2652.94647217 2680.58133125 2680.58133125
DD user3 21 1900 27.6348590851 2680.58133125 2708.21619034 2708.21619034
DD user3 22 1900 27.6348590851 2708.21619034 2735.85104942 2735.85104942
DD user3 23 1900 27.6348590851 2735.85104942 2763.48590851 2763.48590851
DD user3 24 1900 27.6348590851 2763.48590851 2791.12076759 2791.12076759
DD user3 25 1900 27.6348590851 2791.12076759 2818.75562668 2818.75562668
DD user3 26 1900 27.6348590851 2818.75562668 2846.39048576 2846.39048576
DD user3 27 1900 27.6348590851 2846.39048576 2874.02534485 2874.02534485
DD user3 28 1900 27.6348590851 2874.02534485 2901.66020393 2901.66020393
DD user3 29 1900 27.6348590851 2901.66020393 2929.29506302 2929.29506302
DD user3 30 1900 27.6348590851 2929.29506302 2956.9299221 2956.9299221
DD user3 31 1900 27.6348590851 2956.9299221 2984.56478119 2984.56478119
DD user3 32 1900 27.6348590851 2984.56478119 3012.19964027 3012.19964027
DD user3 33 1900 27.6348590851 3012.19964027 3039.83449936 3039.83449936
DD user3 34 1900 27.6348590851 3039.83449936 3067.46935844 3067.46935844
DD user3 35 1900 27.6348590851 3067.46935844 3095.10421753 3095.10421753
DD user4 1 1300 27.6348590851 0 27.6348590851 27.6348590851
DD user4 2 1300 27.6348590851 27.6348590851 55.2697181702 55.2697181702
DD user4 3 1300 27.6348590851 55.2697181702 82.9045772552 82.9045772552
DD user4 4 1300 27.6348590851 82.9045772552 110.53943634 110.53943634
DD user4 5 1300 27.6348590851 110.53943634 138.174295425 138.174295425
DD user4 6 1300 27.6348590851 138.174295425 165.80915451 165.80915451
DD user4 7 1300 27.6348590851 165.80915451 193.444013596 193.444013596
DD user4 8 1300 27.6348590851 193.444013596 221.078872681 221.078872681
DD user4 9 1300 27.6348590851 221.078872681 248.713731766 248.713731766
DD user4 10 1300 27.6348590851 248.713731766 276.348590851 276.348590851
DD user4 11 1300 27.6348590851 276.348590851 303.983449936 303.983449936
DD user4 12 1300 27.6348590851 303.983449936 331.618309021 331.618309021
DD user4 13 1300 27.6348590851 331.618309021 359.253168106 359.253168106
DD user4 14 1300 27.6348590851 359.253168106 386.888027191 386.888027191
DD user4 15 1300 27.6348590851 386.888027191 414.522886276 414.522886276
DD user4 16 1300 27.6348590851 414.522886276 442.157745361 442.157745361
DD user4 17 1300 27.6348590851 442.157745361 469.792604446 469.792604446
DD user4 18 1300 27.6348590851 469.792604446 497.427463531 497.427463531
DD user4 19 1300 27.6348590851 497.427463531 525.062322617 525.062322617
DD user4 20 1300 27.6348590851 525.062322617 552.697181702 552.697181702
DD user4 21 1300 27.6348590851 552.697181702 580.332040787 580.332040787
DD user4 22 1300 27.6348590851 580.332040787 607.966899872 607.966899872
DD user4 23 1300 27.6348590851 607.966899872 635.601758957 635.601758957
DD user4 24 1300 27.6348590851 635.601758957 663.236618042 663.236618042
DD user4 25 1300 27.6348590851 663.236618042 690.871477127 690.871477127
DD user4 26 1300 27.6348590851 690.871477127 718.506336212 718.506336212
DD user4 27 1300 27.6348590851 718.506336212 746.141195297 746.141195297
DD user4 28 1300 27.6348590851 746.141195297 773.776054382 773.776054382
DD user4 29 1300 27.6348590851 773.776054382 801.410913467 801.410913467
DD user4 30 1300 27.6348590851 801.410913467 829.045772552 829.045772552
DD user4 31 1300 27.6348590851 829.045772552 856.680631638 856.680631638
DD user4 32 1300 27.6348590851 856.680631638 884.315490723 884.315490723
DD user4 33 1300 27.6348590851 884.315490723 911.950349808 911.950349808
DD user4 34 1300 27.6348590851 911.950349808 939.585208893 939.585208893
DD user4 35 1300 27.6348590851 939.585208893 967.220067978 967.220067978
DD user4 36 1300 27.6348590851 967.220067978 994.854927063 994.854927063
DD user4 37 1300 27.6348590851 994.854927063 1022.48978615 1022.48978615
DD user4 38 1300 27.6348590851 1022.48978615 1050.12464523 1050.12464523
DD user4 39 1300 27.6348590851 1050.12464523 1077.75950432 1077.75950432
DD user4 40 1300 27.6348590851 1077.75950432 1105.3943634 1105.3943634
DD user4 41 1300 27.6348590851 1105.3943634 1133.02922249 1133.02922249
DD user4 42 1300 27.6348590851 1133.02922249 1160.66408157 1160.66408157
DD user4 43 1300 27.6348590851 1160.66408157 1188.29894066 1188.29894066
DD user4 44 1300 27.6348590851 1188.29894066 1215.93379974 1215.93379974
DD user4 45 1300 27.6348590851 1215.93379974 1243.56865883 1243.56865883
DD user4 46 1300 27.6348590851 1243.56865883 1271.20351791 1271.20351791
DD user4 47 1300 27.6348590851 1271.20351791 1298.838377 1298.838377
DD user4 48 1300 27.6348590851 1298.838377 1326.47323608 1326.47323608
DD user4 49 1300 27.6348590851 1326.47323608 1354.10809517 1354.10809517
DD user4 50 1300 27.6348590851 1354.10809517 1381.74295425 1381.74295425
DD user4 51 1300 27.6348590851 1381.74295425 1409.37781334 1409.37781334
DD user4 52 1300 27.6348590851 1409.37781334 1437.01267242 1437.01267242
DD user4 53 1300 27.6348590851 1437.01267242 1464.64753151 1464.64753151
DD user4 54 1300 27.6348590851 1464.64753151 1492.28239059 1492.28239059
DD user4 55 1300 27.6348590851 1492.28239059 1519.91724968 1519.91724968
DD user4 56 1300 27.6348590851 1519.91724968 1547.55210876 1547.55210876
DD user4 57 1300 27.6348590851 1547.55210876 1575.18696785 1575.18696785
DD user4 58 1300 27.6348590851 1575.18696785 1602.82182693 1602.82182693
DD user4 59 1300 27.6348590851 1602.82182693 1630.45668602 1630.45668602
DD user4 60 1300 27.6348590851 1630.45668602 1658.0915451 1658.0915451
DD user4 61 1300 27.6348590851 1658.0915451 1685.72640419 1685.72640419
DD user4 62 1300 27.6348590851 1685.72640419 1713.36126328 1713.36126328
DD user4 63 1300 27.6348590851 1713.36126328 1740.99612236 1740.99612236
DD user4 64 1300 27.6348590851 1740.99612236 1768.63098145 1768.63098145
DD user4 65 1300 27.6348590851 1768.63098145 1796.26584053 1796.26584053
DD user4 66 1300 27.6348590851 1796.26584053 1823.90069962 1823.90069962
DD user4 67 1300 27.6348590851 1823.90069962 1851.5355587 1851.5355587
DD user4 68 1300 27.6348590851 1851.5355587 1879.17041779 1879.17041779
DD user4 69 1300 27.6348590851 1879.17041779 1906.80527687 1906.80527687
DD user4 70 1300 27.6348590851 1906.80527687 1934.44013596 1934.44013596
DD user4 71 1300 27.6348590851 1934.44013596 1962.07499504 1962.07499504
DD user4 72 1300 27.6348590851 1962.07499504 1989.70985413 1989.70985413
DD user4 73 1300 27.6348590851 1989.70985413 2017.34471321 2017.34471321
DD user4 74 1300 27.6348590851 2017.34471321 2044.9795723 2044.9795723
DD user4 75 1300 27.6348590851 2044.9795723 2072.61443138 2072.61443138
DD user4 76 1300 27.6348590851 2072.61443138 2100.24929047 2100.24929047
DD user4 77 1300 27.6348590851 2100.24929047 2127.88414955 2127.88414955
----------------------------------------------
BB user1 1 2500 25.1984583333 881.946041667 907.1445 1000.11451362
BB user1 2 2500 25.1984583333 907.1445 932.342958333 1118.28298557
BB user1 3 2500 25.1984583333 932.342958333 957.541416667 1236.45145752
BB user1 4 2500 25.1984583333 957.541416667 982.739875 1354.61992947
BB user1 5 2500 25.1984583333 982.739875 1007.93833333 1472.78840143
BB user1 6 2500 25.1984583333 1007.93833333 1033.13679167 1590.95687338
BB user1 7 2500 25.1984583333 1033.13679167 1058.33525 1709.12534533
BB user1 8 2500 25.1984583333 1058.33525 1083.53370833 1827.29381728
BB user1 9 2500 25.1984583333 1083.53370833 1108.73216667 1945.46228923
BB user1 10 2500 25.1984583333 1108.73216667 1133.930625 2063.63076118
BB user1 11 2500 25.1984583333 1133.930625 1159.12908333 2181.79923314
BB user1 12 2500 25.1984583333 1159.12908333 1184.32754167 2299.96770509
BB user1 13 2500 25.1984583333 1184.32754167 1209.526 2418.13617704
BB user1 14 2500 25.1984583333 1209.526 1234.72445833 2536.30464899
BB user1 15 2500 25.1984583333 1234.72445833 1259.92291667 2654.47312094
BB user1 16 2500 25.1984583333 1259.92291667 1285.121375 2772.6415929
BB user1 17 2500 25.1984583333 1285.121375 1310.31983333 2890.81006485
BB user1 18 2500 25.1984583333 1310.31983333 1335.51829167 3008.9785368
BB user1 19 2500 25.1984583333 1335.51829167 1360.71675 3127.14700875
BB user1 20 2500 25.1984583333 1360.71675 1385.91520833 3245.3154807
BB user1 21 2500 25.1984583333 1385.91520833 1411.11366667 3363.48395265
BB user1 22 2500 25.1984583333 1411.11366667 1436.312125 3481.65242461
BB user1 23 2500 25.1984583333 1436.312125 1461.51058333 3599.82089656
BB user1 24 2500 25.1984583333 1461.51058333 1486.70904167 3717.98936851
BB user1 25 2500 25.1984583333 1486.70904167 1511.9075 3836.15784046
BB user1 26 2500 25.1984583333 1511.9075 1537.10595833 3954.32631241
BB user1 27 2500 25.1984583333 1537.10595833 1562.30441667 4072.49478436
BB user1 28 2500 25.1984583333 1562.30441667 1587.502875 4190.66325632
BB user1 29 2500 25.1984583333 1587.502875 1612.70133333 4308.83172827
BB user1 30 2500 25.1984583333 1612.70133333 1637.89979167 4427.00020022
BB user1 31 2500 25.1984583333 1637.89979167 1663.09825 4545.16867217
BB user1 32 2500 25.1984583333 1663.09825 1688.29670833 4663.33714412
BB user1 33 2500 25.1984583333 1688.29670833 1713.49516667 4781.50561608
BB user1 34 2500 25.1984583333 1713.49516667 1738.693625 4899.67408803
BB user1 35 2500 25.1984583333 1738.693625 1763.89208333 5017.84255998
BB user1 36 2500 25.1984583333 1763.89208333 1789.09054167 5136.01103193
BB user1 37 2500 25.1984583333 1789.09054167 1814.289 5254.17950388
BB user1 38 2500 25.1984583333 1814.289 1839.48745833 5372.34797583
BB user1 39 2500 25.1984583333 1839.48745833 1864.68591667 5490.51644779
BB user1 40 2500 25.1984583333 1864.68591667 1889.884375 5608.68491974
BB user1 41 2500 25.1984583333 1889.884375 1915.08283333 5726.85339169
BB user1 42 2500 25.1984583333 1915.08283333 1940.28129167 5845.02186364
BB user1 43 2500 25.1984583333 1940.28129167 1965.47975 5963.19033559
BB user3 1 1900 25.1984583333 0 25.1984583333 2180.71746697
BB user3 2 1900 25.1984583333 25.1984583333 50.3969166667 2233.55078439
BB user3 3 1900 25.1984583333 50.3969166667 75.595375 2286.38410181
BB user3 4 1900 25.1984583333 75.595375 100.793833333 2339.21741923
BB user3 5 1900 25.1984583333 100.793833333 125.992291667 2392.05073664
BB user3 6 1900 25.1984583333 125.992291667 151.19075 2444.88405406
BB user3 7 1900 25.1984583333 151.19075 176.389208333 2497.71737148
BB user3 8 1900 25.1984583333 176.389208333 201.587666667 2550.5506889
BB user3 9 1900 25.1984583333 201.587666667 226.786125 2603.38400632
BB user3 10 1900 25.1984583333 226.786125 251.984583333 2656.21732374
BB user3 11 1900 25.1984583333 251.984583333 277.183041667 2709.05064115
BB user3 12 1900 25.1984583333 277.183041667 302.3815 2761.88395857
BB user3 13 1900 25.1984583333 302.3815 327.579958333 2814.71727599
BB user3 14 1900 25.1984583333 327.579958333 352.778416667 2867.55059341
BB user3 15 1900 25.1984583333 352.778416667 377.976875 2920.38391083
BB user3 16 1900 25.1984583333 377.976875 403.175333333 2973.21722825
BB user3 17 1900 25.1984583333 403.175333333 428.373791667 3026.05054566
BB user3 18 1900 25.1984583333 428.373791667 453.57225 3078.88386308
BB user3 19 1900 25.1984583333 453.57225 478.770708333 3131.7171805
BB user3 20 1900 25.1984583333 478.770708333 503.969166667 3184.55049792
BB user3 21 1900 25.1984583333 503.969166667 529.167625 3237.38381534
BB user3 22 1900 25.1984583333 529.167625 554.366083333 3290.21713276
BB user3 23 1900 25.1984583333 554.366083333 579.564541667 3343.05045017
BB user3 24 1900 25.1984583333 579.564541667 604.763 3395.88376759
BB user3 25 1900 25.1984583333 604.763 629.961458333 3448.71708501
BB user3 26 1900 25.1984583333 629.961458333 655.159916667 3501.55040243
BB user3 27 1900 25.1984583333 655.159916667 680.358375 3554.38371985
BB user3 28 1900 25.1984583333 680.358375 705.556833333 3607.21703727
BB user3 29 1900 25.1984583333 705.556833333 730.755291667 3660.05035469
BB user3 30 1900 25.1984583333 730.755291667 755.95375 3712.8836721
BB user3 31 1900 25.1984583333 755.95375 781.152208333 3765.71698952
BB user3 32 1900 25.1984583333 781.152208333 806.350666667 3818.55030694
BB user3 33 1900 25.1984583333 806.350666667 831.549125 3871.38362436
BB user3 34 1900 25.1984583333 831.549125 856.747583333 3924.21694178
BB user3 35 1900 25.1984583333 856.747583333 881.946041667 3977.0502592
----------------------------------------------
CC user1 1 2500 239.8 8393.0 8632.8 9632.91451362
CC user1 2 2500 239.8 8632.8 8872.6 9990.88298557
CC user1 3 2500 239.8 8872.6 9112.4 10348.8514575
CC user1 4 2500 239.8 9112.4 9352.2 10706.8199295
CC user1 5 2500 239.8 9352.2 9592.0 11064.7884014
CC user1 6 2500 239.8 9592.0 9831.8 11422.7568734
CC user1 7 2500 239.8 9831.8 10071.6 11780.7253453
CC user1 8 2500 239.8 10071.6 10311.4 12138.6938173
CC user1 9 2500 239.8 10311.4 10551.2 12496.6622892
CC user1 10 2500 239.8 10551.2 10791.0 12854.6307612
CC user1 11 2500 239.8 10791.0 11030.8 13212.5992331
CC user1 12 2500 239.8 11030.8 11270.6 13570.5677051
CC user1 13 2500 239.8 11270.6 11510.4 13928.536177
CC user1 14 2500 239.8 11510.4 11750.2 14286.504649
CC user1 15 2500 239.8 11750.2 11990.0 14644.4731209
CC user1 16 2500 239.8 11990.0 12229.8 15002.4415929
CC user1 17 2500 239.8 12229.8 12469.6 15360.4100648
CC user1 18 2500 239.8 12469.6 12709.4 15718.3785368
CC user1 19 2500 239.8 12709.4 12949.2 16076.3470088
CC user1 20 2500 239.8 12949.2 13189.0 16434.3154807
CC user1 21 2500 239.8 13189.0 13428.8 16792.2839527
CC user1 22 2500 239.8 13428.8 13668.6 17150.2524246
CC user1 23 2500 239.8 13668.6 13908.4 17508.2208966
CC user1 24 2500 239.8 13908.4 14148.2 17866.1893685
CC user1 25 2500 239.8 14148.2 14388.0 18224.1578405
CC user1 26 2500 239.8 14388.0 14627.8 18582.1263124
CC user1 27 2500 239.8 14627.8 14867.6 18940.0947844
CC user1 28 2500 239.8 14867.6 15107.4 19298.0632563
CC user1 29 2500 239.8 15107.4 15347.2 19656.0317283
CC user1 30 2500 239.8 15347.2 15587.0 20014.0002002
CC user1 31 2500 239.8 15587.0 15826.8 20371.9686722
CC user1 32 2500 239.8 15826.8 16066.6 20729.9371441
CC user1 33 2500 239.8 16066.6 16306.4 21087.9056161
CC user1 34 2500 239.8 16306.4 16546.2 21445.874088
CC user1 35 2500 239.8 16546.2 16786.0 21803.84256
CC user1 36 2500 239.8 16786.0 17025.8 22161.8110319
CC user1 37 2500 239.8 17025.8 17265.6 22519.7795039
CC user1 38 2500 239.8 17265.6 17505.4 22877.7479758
CC user1 39 2500 239.8 17505.4 17745.2 23235.7164478
CC user1 40 2500 239.8 17745.2 17985.0 23593.6849197
CC user1 41 2500 239.8 17985.0 18224.8 23951.6533917
CC user1 42 2500 239.8 18224.8 18464.6 24309.6218636
CC user1 43 2500 239.8 18464.6 18704.4 24667.5903356
CC user3 1 1900 239.8 0 239.8 2420.51746697
CC user3 2 1900 239.8 239.8 479.6 2713.15078439
CC user3 3 1900 239.8 479.6 719.4 3005.78410181
CC user3 4 1900 239.8 719.4 959.2 3298.41741923
CC user3 5 1900 239.8 959.2 1199.0 3591.05073664
CC user3 6 1900 239.8 1199.0 1438.8 3883.68405406
CC user3 7 1900 239.8 1438.8 1678.6 4176.31737148
CC user3 8 1900 239.8 1678.6 1918.4 4468.9506889
CC user3 9 1900 239.8 1918.4 2158.2 4761.58400632
CC user3 10 1900 239.8 2158.2 2398.0 5054.21732374
CC user3 11 1900 239.8 2398.0 2637.8 5346.85064115
CC user3 12 1900 239.8 2637.8 2877.6 5639.48395857
CC user3 13 1900 239.8 2877.6 3117.4 5932.11727599
CC user3 14 1900 239.8 3117.4 3357.2 6224.75059341
CC user3 15 1900 239.8 3357.2 3597.0 6517.38391083
CC user3 16 1900 239.8 3597.0 3836.8 6810.01722825
CC user3 17 1900 239.8 3836.8 4076.6 7102.65054566
CC user3 18 1900 239.8 4076.6 4316.4 7395.28386308
CC user3 19 1900 239.8 4316.4 4556.2 7687.9171805
CC user3 20 1900 239.8 4556.2 4796.0 7980.55049792
CC user3 21 1900 239.8 4796.0 5035.8 8273.18381534
CC user3 22 1900 239.8 5035.8 5275.6 8565.81713276
CC user3 23 1900 239.8 5275.6 5515.4 8858.45045017
CC user3 24 1900 239.8 5515.4 5755.2 9151.08376759
CC user3 25 1900 239.8 5755.2 5995.0 9443.71708501
CC user3 26 1900 239.8 5995.0 6234.8 9736.35040243
CC user3 27 1900 239.8 6234.8 6474.6 10028.9837198
CC user3 28 1900 239.8 6474.6 6714.4 10321.6170373
CC user3 29 1900 239.8 6714.4 6954.2 10614.2503547
CC user3 30 1900 239.8 6954.2 7194.0 10906.8836721
CC user3 31 1900 239.8 7194.0 7433.8 11199.5169895
CC user3 32 1900 239.8 7433.8 7673.6 11492.1503069
CC user3 33 1900 239.8 7673.6 7913.4 11784.7836244
CC user3 34 1900 239.8 7913.4 8153.2 12077.4169418
CC user3 35 1900 239.8 8153.2 8393.0 12370.0502592
----------------------------------------------
EE user2 1 1200 15.3764486313 1183.98654461 1199.36299324 1199.36299324
EE user2 2 1200 15.3764486313 1199.36299324 1214.73944187 1214.73944187
EE user2 3 1200 15.3764486313 1214.73944187 1230.1158905 1230.1158905
EE user2 4 1200 15.3764486313 1230.1158905 1245.49233914 1245.49233914
EE user2 5 1200 15.3764486313 1245.49233914 1260.86878777 1260.86878777
EE user2 6 1200 15.3764486313 1260.86878777 1276.2452364 1276.2452364
EE user2 7 1200 15.3764486313 1276.2452364 1291.62168503 1291.62168503
EE user2 8 1200 15.3764486313 1291.62168503 1306.99813366 1306.99813366
EE user2 9 1200 15.3764486313 1306.99813366 1322.37458229 1322.37458229
EE user2 10 1200 15.3764486313 1322.37458229 1337.75103092 1337.75103092
EE user2 11 1200 15.3764486313 1337.75103092 1353.12747955 1353.12747955
EE user2 12 1200 15.3764486313 1353.12747955 1368.50392819 1368.50392819
EE user2 13 1200 15.3764486313 1368.50392819 1383.88037682 1383.88037682
EE user2 14 1200 15.3764486313 1383.88037682 1399.25682545 1399.25682545
EE user2 15 1200 15.3764486313 1399.25682545 1414.63327408 1414.63327408
EE user2 16 1200 15.3764486313 1414.63327408 1430.00972271 1430.00972271
EE user2 17 1200 15.3764486313 1430.00972271 1445.38617134 1445.38617134
EE user2 18 1200 15.3764486313 1445.38617134 1460.76261997 1460.76261997
EE user2 19 1200 15.3764486313 1460.76261997 1476.1390686 1476.1390686
EE user2 20 1200 15.3764486313 1476.1390686 1491.51551724 1491.51551724
EE user2 21 1200 15.3764486313 1491.51551724 1506.89196587 1506.89196587
EE user2 22 1200 15.3764486313 1506.89196587 1522.2684145 1522.2684145
EE user2 23 1200 15.3764486313 1522.2684145 1537.64486313 1537.64486313
EE user2 24 1200 15.3764486313 1537.64486313 1553.02131176 1553.02131176
EE user2 25 1200 15.3764486313 1553.02131176 1568.39776039 1568.39776039
EE user2 26 1200 15.3764486313 1568.39776039 1583.77420902 1583.77420902
EE user2 27 1200 15.3764486313 1583.77420902 1599.15065766 1599.15065766
EE user2 28 1200 15.3764486313 1599.15065766 1614.52710629 1614.52710629
EE user2 29 1200 15.3764486313 1614.52710629 1629.90355492 1629.90355492
EE user2 30 1200 15.3764486313 1629.90355492 1645.28000355 1645.28000355
EE user2 31 1200 15.3764486313 1645.28000355 1660.65645218 1660.65645218
EE user2 32 1200 15.3764486313 1660.65645218 1676.03290081 1676.03290081
EE user2 33 1200 15.3764486313 1676.03290081 1691.40934944 1691.40934944
EE user2 34 1200 15.3764486313 1691.40934944 1706.78579807 1706.78579807
EE user2 35 1200 15.3764486313 1706.78579807 1722.16224671 1722.16224671
EE user4 1 1300 15.3764486313 0 15.3764486313 43.0113077164
EE user4 2 1300 15.3764486313 15.3764486313 30.7528972626 86.0226154328
EE user4 3 1300 15.3764486313 30.7528972626 46.1293458939 129.033923149
EE user4 4 1300 15.3764486313 46.1293458939 61.5057945252 172.045230866
EE user4 5 1300 15.3764486313 61.5057945252 76.8822431565 215.056538582
EE user4 6 1300 15.3764486313 76.8822431565 92.2586917878 258.067846298
EE user4 7 1300 15.3764486313 92.2586917878 107.635140419 301.079154015
EE user4 8 1300 15.3764486313 107.635140419 123.01158905 344.090461731
EE user4 9 1300 15.3764486313 123.01158905 138.388037682 387.101769447
EE user4 10 1300 15.3764486313 138.388037682 153.764486313 430.113077164
EE user4 11 1300 15.3764486313 153.764486313 169.140934944 473.12438488
EE user4 12 1300 15.3764486313 169.140934944 184.517383576 516.135692597
EE user4 13 1300 15.3764486313 184.517383576 199.893832207 559.147000313
EE user4 14 1300 15.3764486313 199.893832207 215.270280838 602.158308029
EE user4 15 1300 15.3764486313 215.270280838 230.64672947 645.169615746
EE user4 16 1300 15.3764486313 230.64672947 246.023178101 688.180923462
EE user4 17 1300 15.3764486313 246.023178101 261.399626732 731.192231179
EE user4 18 1300 15.3764486313 261.399626732 276.776075363 774.203538895
EE user4 19 1300 15.3764486313 276.776075363 292.152523995 817.214846611
EE user4 20 1300 15.3764486313 292.152523995 307.528972626 860.226154328
EE user4 21 1300 15.3764486313 307.528972626 322.905421257 903.237462044
EE user4 22 1300 15.3764486313 322.905421257 338.281869889 946.24876976
EE user4 23 1300 15.3764486313 338.281869889 353.65831852 989.260077477
EE user4 24 1300 15.3764486313 353.65831852 369.034767151 1032.27138519
EE user4 25 1300 15.3764486313 369.034767151 384.411215782 1075.28269291
EE user4 26 1300 15.3764486313 384.411215782 399.787664414 1118.29400063
EE user4 27 1300 15.3764486313 399.787664414 415.164113045 1161.30530834
EE user4 28 1300 15.3764486313 415.164113045 430.540561676 1204.31661606
EE user4 29 1300 15.3764486313 430.540561676 445.917010308 1247.32792378
EE user4 30 1300 15.3764486313 445.917010308 461.293458939 1290.33923149
EE user4 31 1300 15.3764486313 461.293458939 476.66990757 1333.35053921
EE user4 32 1300 15.3764486313 476.66990757 492.046356202 1376.36184692
EE user4 33 1300 15.3764486313 492.046356202 507.422804833 1419.37315464
EE user4 34 1300 15.3764486313 507.422804833 522.799253464 1462.38446236
EE user4 35 1300 15.3764486313 522.799253464 538.175702095 1505.39577007
EE user4 36 1300 15.3764486313 538.175702095 553.552150727 1548.40707779
EE user4 37 1300 15.3764486313 553.552150727 568.928599358 1591.41838551
EE user4 38 1300 15.3764486313 568.928599358 584.305047989 1634.42969322
EE user4 39 1300 15.3764486313 584.305047989 599.681496621 1677.44100094
EE user4 40 1300 15.3764486313 599.681496621 615.057945252 1720.45230866
EE user4 41 1300 15.3764486313 615.057945252 630.434393883 1763.46361637
EE user4 42 1300 15.3764486313 630.434393883 645.810842515 1806.47492409
EE user4 43 1300 15.3764486313 645.810842515 661.187291146 1849.4862318
EE user4 44 1300 15.3764486313 661.187291146 676.563739777 1892.49753952
EE user4 45 1300 15.3764486313 676.563739777 691.940188409 1935.50884724
EE user4 46 1300 15.3764486313 691.940188409 707.31663704 1978.52015495
EE user4 47 1300 15.3764486313 707.31663704 722.693085671 2021.53146267
EE user4 48 1300 15.3764486313 722.693085671 738.069534302 2064.54277039
EE user4 49 1300 15.3764486313 738.069534302 753.445982934 2107.5540781
EE user4 50 1300 15.3764486313 753.445982934 768.822431565 2150.56538582
EE user4 51 1300 15.3764486313 768.822431565 784.198880196 2193.57669354
EE user4 52 1300 15.3764486313 784.198880196 799.575328828 2236.58800125
EE user4 53 1300 15.3764486313 799.575328828 814.951777459 2279.59930897
EE user4 54 1300 15.3764486313 814.951777459 830.32822609 2322.61061668
EE user4 55 1300 15.3764486313 830.32822609 845.704674722 2365.6219244
EE user4 56 1300 15.3764486313 845.704674722 861.081123353 2408.63323212
EE user4 57 1300 15.3764486313 861.081123353 876.457571984 2451.64453983
EE user4 58 1300 15.3764486313 876.457571984 891.834020615 2494.65584755
EE user4 59 1300 15.3764486313 891.834020615 907.210469247 2537.66715527
EE user4 60 1300 15.3764486313 907.210469247 922.586917878 2580.67846298
EE user4 61 1300 15.3764486313 922.586917878 937.963366509 2623.6897707
EE user4 62 1300 15.3764486313 937.963366509 953.339815141 2666.70107842
EE user4 63 1300 15.3764486313 953.339815141 968.716263772 2709.71238613
EE user4 64 1300 15.3764486313 968.716263772 984.092712403 2752.72369385
EE user4 65 1300 15.3764486313 984.092712403 999.469161035 2795.73500156
EE user4 66 1300 15.3764486313 999.469161035 1014.84560967 2838.74630928
EE user4 67 1300 15.3764486313 1014.84560967 1030.2220583 2881.757617
EE user4 68 1300 15.3764486313 1030.2220583 1045.59850693 2924.76892471
EE user4 69 1300 15.3764486313 1045.59850693 1060.97495556 2967.78023243
EE user4 70 1300 15.3764486313 1060.97495556 1076.35140419 3010.79154015
EE user4 71 1300 15.3764486313 1076.35140419 1091.72785282 3053.80284786
EE user4 72 1300 15.3764486313 1091.72785282 1107.10430145 3096.81415558
EE user4 73 1300 15.3764486313 1107.10430145 1122.48075008 3139.8254633
EE user4 74 1300 15.3764486313 1122.48075008 1137.85719872 3182.83677101
EE user4 75 1300 15.3764486313 1137.85719872 1153.23364735 3225.84807873
EE user4 76 1300 15.3764486313 1153.23364735 1168.61009598 3268.85938645
EE user4 77 1300 15.3764486313 1168.61009598 1183.98654461 3311.87069416
----------------------------------------------
FF user2 1 1200 27.5874137879 2124.23086166 2151.81827545 3351.18126869
FF user2 2 1200 27.5874137879 2151.81827545 2179.40568924 3394.14513111
FF user2 3 1200 27.5874137879 2179.40568924 2206.99310303 3437.10899353
FF user2 4 1200 27.5874137879 2206.99310303 2234.58051682 3480.07285595
FF user2 5 1200 27.5874137879 2234.58051682 2262.1679306 3523.03671837
FF user2 6 1200 27.5874137879 2262.1679306 2289.75534439 3566.00058079
FF user2 7 1200 27.5874137879 2289.75534439 2317.34275818 3608.96444321
FF user2 8 1200 27.5874137879 2317.34275818 2344.93017197 3651.92830563
FF user2 9 1200 27.5874137879 2344.93017197 2372.51758576 3694.89216805
FF user2 10 1200 27.5874137879 2372.51758576 2400.10499954 3737.85603047
FF user2 11 1200 27.5874137879 2400.10499954 2427.69241333 3780.81989289
FF user2 12 1200 27.5874137879 2427.69241333 2455.27982712 3823.7837553
FF user2 13 1200 27.5874137879 2455.27982712 2482.86724091 3866.74761772
FF user2 14 1200 27.5874137879 2482.86724091 2510.45465469 3909.71148014
FF user2 15 1200 27.5874137879 2510.45465469 2538.04206848 3952.67534256
FF user2 16 1200 27.5874137879 2538.04206848 2565.62948227 3995.63920498
FF user2 17 1200 27.5874137879 2565.62948227 2593.21689606 4038.6030674
FF user2 18 1200 27.5874137879 2593.21689606 2620.80430985 4081.56692982
FF user2 19 1200 27.5874137879 2620.80430985 2648.39172363 4124.53079224
FF user2 20 1200 27.5874137879 2648.39172363 2675.97913742 4167.49465466
FF user2 21 1200 27.5874137879 2675.97913742 2703.56655121 4210.45851708
FF user2 22 1200 27.5874137879 2703.56655121 2731.153965 4253.4223795
FF user2 23 1200 27.5874137879 2731.153965 2758.74137878 4296.38624192
FF user2 24 1200 27.5874137879 2758.74137878 2786.32879257 4339.35010433
FF user2 25 1200 27.5874137879 2786.32879257 2813.91620636 4382.31396675
FF user2 26 1200 27.5874137879 2813.91620636 2841.50362015 4425.27782917
FF user2 27 1200 27.5874137879 2841.50362015 2869.09103394 4468.24169159
FF user2 28 1200 27.5874137879 2869.09103394 2896.67844772 4511.20555401
FF user2 29 1200 27.5874137879 2896.67844772 2924.26586151 4554.16941643
FF user2 30 1200 27.5874137879 2924.26586151 2951.8532753 4597.13327885
FF user2 31 1200 27.5874137879 2951.8532753 2979.44068909 4640.09714127
FF user2 32 1200 27.5874137879 2979.44068909 3007.02810288 4683.06100369
FF user2 33 1200 27.5874137879 3007.02810288 3034.61551666 4726.02486611
FF user2 34 1200 27.5874137879 3034.61551666 3062.20293045 4768.98872853
FF user2 35 1200 27.5874137879 3062.20293045 3089.79034424 4811.95259094
FF user4 1 1300 27.5874137879 0 27.5874137879 70.5987215042
FF user4 2 1300 27.5874137879 27.5874137879 55.1748275757 141.197443008
FF user4 3 1300 27.5874137879 55.1748275757 82.7622413636 211.796164513
FF user4 4 1300 27.5874137879 82.7622413636 110.349655151 282.394886017
FF user4 5 1300 27.5874137879 110.349655151 137.937068939 352.993607521
FF user4 6 1300 27.5874137879 137.937068939 165.524482727 423.592329025
FF user4 7 1300 27.5874137879 165.524482727 193.111896515 494.19105053
FF user4 8 1300 27.5874137879 193.111896515 220.699310303 564.789772034
FF user4 9 1300 27.5874137879 220.699310303 248.286724091 635.388493538
FF user4 10 1300 27.5874137879 248.286724091 275.874137879 705.987215042
FF user4 11 1300 27.5874137879 275.874137879 303.461551666 776.585936547
FF user4 12 1300 27.5874137879 303.461551666 331.048965454 847.184658051
FF user4 13 1300 27.5874137879 331.048965454 358.636379242 917.783379555
FF user4 14 1300 27.5874137879 358.636379242 386.22379303 988.382101059
FF user4 15 1300 27.5874137879 386.22379303 413.811206818 1058.98082256
FF user4 16 1300 27.5874137879 413.811206818 441.398620606 1129.57954407
FF user4 17 1300 27.5874137879 441.398620606 468.986034393 1200.17826557
FF user4 18 1300 27.5874137879 468.986034393 496.573448181 1270.77698708
FF user4 19 1300 27.5874137879 496.573448181 524.160861969 1341.37570858
FF user4 20 1300 27.5874137879 524.160861969 551.748275757 1411.97443008
FF user4 21 1300 27.5874137879 551.748275757 579.335689545 1482.57315159
FF user4 22 1300 27.5874137879 579.335689545 606.923103333 1553.17187309
FF user4 23 1300 27.5874137879 606.923103333 634.510517121 1623.7705946
FF user4 24 1300 27.5874137879 634.510517121 662.097930908 1694.3693161
FF user4 25 1300 27.5874137879 662.097930908 689.685344696 1764.96803761
FF user4 26 1300 27.5874137879 689.685344696 717.272758484 1835.56675911
FF user4 27 1300 27.5874137879 717.272758484 744.860172272 1906.16548061
FF user4 28 1300 27.5874137879 744.860172272 772.44758606 1976.76420212
FF user4 29 1300 27.5874137879 772.44758606 800.034999848 2047.36292362
FF user4 30 1300 27.5874137879 800.034999848 827.622413635 2117.96164513
FF user4 31 1300 27.5874137879 827.622413635 855.209827423 2188.56036663
FF user4 32 1300 27.5874137879 855.209827423 882.797241211 2259.15908814
FF user4 33 1300 27.5874137879 882.797241211 910.384654999 2329.75780964
FF user4 34 1300 27.5874137879 910.384654999 937.972068787 2400.35653114
FF user4 35 1300 27.5874137879 937.972068787 965.559482575 2470.95525265
FF user4 36 1300 27.5874137879 965.559482575 993.146896363 2541.55397415
FF user4 37 1300 27.5874137879 993.146896363 1020.73431015 2612.15269566
FF user4 38 1300 27.5874137879 1020.73431015 1048.32172394 2682.75141716
FF user4 39 1300 27.5874137879 1048.32172394 1075.90913773 2753.35013867
FF user4 40 1300 27.5874137879 1075.90913773 1103.49655151 2823.94886017
FF user4 41 1300 27.5874137879 1103.49655151 1131.0839653 2894.54758167
FF user4 42 1300 27.5874137879 1131.0839653 1158.67137909 2965.14630318
FF user4 43 1300 27.5874137879 1158.67137909 1186.25879288 3035.74502468
FF user4 44 1300 27.5874137879 1186.25879288 1213.84620667 3106.34374619
FF user4 45 1300 27.5874137879 1213.84620667 1241.43362045 3176.94246769
FF user4 46 1300 27.5874137879 1241.43362045 1269.02103424 3247.54118919
FF user4 47 1300 27.5874137879 1269.02103424 1296.60844803 3318.1399107
FF user4 48 1300 27.5874137879 1296.60844803 1324.19586182 3388.7386322
FF user4 49 1300 27.5874137879 1324.19586182 1351.7832756 3459.33735371
FF user4 50 1300 27.5874137879 1351.7832756 1379.37068939 3529.93607521
FF user4 51 1300 27.5874137879 1379.37068939 1406.95810318 3600.53479672
FF user4 52 1300 27.5874137879 1406.95810318 1434.54551697 3671.13351822
FF user4 53 1300 27.5874137879 1434.54551697 1462.13293076 3741.73223972
FF user4 54 1300 27.5874137879 1462.13293076 1489.72034454 3812.33096123
FF user4 55 1300 27.5874137879 1489.72034454 1517.30775833 3882.92968273
FF user4 56 1300 27.5874137879 1517.30775833 1544.89517212 3953.52840424
FF user4 57 1300 27.5874137879 1544.89517212 1572.48258591 4024.12712574
FF user4 58 1300 27.5874137879 1572.48258591 1600.0699997 4094.72584725
FF user4 59 1300 27.5874137879 1600.0699997 1627.65741348 4165.32456875
FF user4 60 1300 27.5874137879 1627.65741348 1655.24482727 4235.92329025
FF user4 61 1300 27.5874137879 1655.24482727 1682.83224106 4306.52201176
FF user4 62 1300 27.5874137879 1682.83224106 1710.41965485 4377.12073326
FF user4 63 1300 27.5874137879 1710.41965485 1738.00706863 4447.71945477
FF user4 64 1300 27.5874137879 1738.00706863 1765.59448242 4518.31817627
FF user4 65 1300 27.5874137879 1765.59448242 1793.18189621 4588.91689778
FF user4 66 1300 27.5874137879 1793.18189621 1820.76931 4659.51561928
FF user4 67 1300 27.5874137879 1820.76931 1848.35672379 4730.11434078
FF user4 68 1300 27.5874137879 1848.35672379 1875.94413757 4800.71306229
FF user4 69 1300 27.5874137879 1875.94413757 1903.53155136 4871.31178379
FF user4 70 1300 27.5874137879 1903.53155136 1931.11896515 4941.9105053
FF user4 71 1300 27.5874137879 1931.11896515 1958.70637894 5012.5092268
FF user4 72 1300 27.5874137879 1958.70637894 1986.29379273 5083.1079483
FF user4 73 1300 27.5874137879 1986.29379273 2013.88120651 5153.70666981
FF user4 74 1300 27.5874137879 2013.88120651 2041.4686203 5224.30539131
FF user4 75 1300 27.5874137879 2041.4686203 2069.05603409 5294.90411282
FF user4 76 1300 27.5874137879 2069.05603409 2096.64344788 5365.50283432
FF user4 77 1300 27.5874137879 2096.64344788 2124.23086166 5436.10155583
