----------------------------------------------
PP user1 1 2700 1828.81951332 0 1828.81951332 1828.81951332
PP user1 2 2700 1828.81951332 0 1828.81951332 1828.81951332
PP user1 3 2700 1828.81951332 0 1828.81951332 1828.81951332
PP user1 4 2700 1828.81951332 0 1828.81951332 1828.81951332
PP user1 5 2700 1828.81951332 0 1828.81951332 1828.81951332
PP user1 6 2700 1828.81951332 0 1828.81951332 1828.81951332
PP user1 7 2700 1828.81951332 0 1828.81951332 1828.81951332
PP user1 8 2700 1828.81951332 0 1828.81951332 1828.81951332
PP user1 9 2700 1828.81951332 0 1828.81951332 1828.81951332
PP user1 10 2700 1828.81951332 0 1828.81951332 1828.81951332
PP user1 11 2700 1828.81951332 0 1828.81951332 1828.81951332
PP user1 12 2700 1828.81951332 0 1828.81951332 1828.81951332
PP user1 13 2700 1828.81951332 0 1828.81951332 1828.81951332
PP user1 14 2700 1828.81951332 0 1828.81951332 1828.81951332
PP user1 15 2700 1828.81951332 0 1828.81951332 1828.81951332
PP user1 16 2700 1828.81951332 0 1828.81951332 1828.81951332
PP user1 17 2700 1828.81951332 0 1828.81951332 1828.81951332
PP user1 18 2700 1828.81951332 0 1828.81951332 1828.81951332
PP user1 19 2700 1828.81951332 0 1828.81951332 1828.81951332
PP user1 20 2700 1828.81951332 0 1828.81951332 1828.81951332
PP user1 21 2700 1828.81951332 0 1828.81951332 1828.81951332
PP user1 22 2700 1828.81951332 0 1828.81951332 1828.81951332
PP user1 23 2700 1828.81951332 0 1828.81951332 1828.81951332
PP user1 24 2700 1828.81951332 0 1828.81951332 1828.81951332
PP user1 25 2700 1828.81951332 0 1828.81951332 1828.81951332
PP user1 26 2700 1828.81951332 0 1828.81951332 1828.81951332
PP user1 27 2700 1828.81951332 0 1828.81951332 1828.81951332
PP user1 28 2700 1828.81951332 0 1828.81951332 1828.81951332
PP user1 29 2700 1828.81951332 0 1828.81951332 1828.81951332
PP user1 30 2700 1828.81951332 0 1828.81951332 1828.81951332
PP user1 31 2700 1828.81951332 0 1828.81951332 1828.81951332
PP user1 32 2700 1828.81951332 0 1828.81951332 1828.81951332
PP user1 33 2700 1828.81951332 0 1828.81951332 1828.81951332
PP user1 34 2700 1828.81951332 0 1828.81951332 1828.81951332
PP user1 35 2700 1828.81951332 0 1828.81951332 1828.81951332
PP user1 36 2700 1828.81951332 0 1828.81951332 1828.81951332
PP user1 37 2700 1828.81951332 0 1828.81951332 1828.81951332
PP user1 38 2700 1828.81951332 0 1828.81951332 1828.81951332
PP user1 39 2700 1828.81951332 0 1828.81951332 1828.81951332
PP user1 40 2700 1828.81951332 0 1828.81951332 1828.81951332
----------------------------------------------
DD user2 1 2000 274.837613106 0 274.837613106 274.837613106
DD user2 2 2000 274.837613106 0 274.837613106 274.837613106
DD user2 3 2000 274.837613106 0 274.837613106 274.837613106
DD user2 4 2000 274.837613106 0 274.837613106 274.837613106
DD user2 5 2000 274.837613106 0 274.837613106 274.837613106
DD user2 6 2000 274.837613106 0 274.837613106 274.837613106
DD user2 7 2000 274.837613106 0 274.837613106 274.837613106
DD user2 8 2000 274.837613106 0 274.837613106 274.837613106
DD user2 9 2000 274.837613106 0 274.837613106 274.837613106
DD user2 10 2000 274.837613106 0 274.837613106 274.837613106
DD user2 11 2000 274.837613106 0 274.837613106 274.837613106
DD user2 12 2000 274.837613106 0 274.837613106 274.837613106
DD user2 13 2000 274.837613106 0 274.837613106 274.837613106
DD user2 14 2000 274.837613106 0 274.837613106 274.837613106
DD user2 15 2000 274.837613106 0 274.837613106 274.837613106
DD user2 16 2000 274.837613106 0 274.837613106 274.837613106
DD user2 17 2000 274.837613106 0 274.837613106 274.837613106
DD user2 18 2000 274.837613106 0 274.837613106 274.837613106
DD user2 19 2000 274.837613106 0 274.837613106 274.837613106
DD user2 20 2000 274.837613106 0 274.837613106 274.837613106
DD user2 21 2000 274.837613106 0 274.837613106 274.837613106
DD user2 22 2000 274.837613106 0 274.837613106 274.837613106
DD user2 23 2000 274.837613106 0 274.837613106 274.837613106
DD user2 24 2000 274.837613106 0 274.837613106 274.837613106
DD user2 25 2000 274.837613106 0 274.837613106 274.837613106
DD user2 26 2000 274.837613106 0 274.837613106 274.837613106
DD user2 27 2000 274.837613106 0 274.837613106 274.837613106
DD user2 28 2000 274.837613106 0 274.837613106 274.837613106
DD user2 29 2000 274.837613106 0 274.837613106 274.837613106
DD user2 30 2000 274.837613106 0 274.837613106 274.837613106
DD user2 31 2000 274.837613106 0 274.837613106 274.837613106
DD user2 32 2000 274.837613106 0 274.837613106 274.837613106
DD user2 33 2000 274.837613106 0 274.837613106 274.837613106
DD user2 34 2000 274.837613106 0 274.837613106 274.837613106
DD user2 35 2000 274.837613106 0 274.837613106 274.837613106
DD user2 36 2000 274.837613106 0 274.837613106 274.837613106
DD user2 37 2000 274.837613106 0 274.837613106 274.837613106
DD user2 38 2000 274.837613106 0 274.837613106 274.837613106
DD user2 39 2000 274.837613106 0 274.837613106 274.837613106
DD user2 40 2000 274.837613106 0 274.837613106 274.837613106
DD user2 41 2000 274.837613106 0 274.837613106 274.837613106
DD user2 42 2000 274.837613106 0 274.837613106 274.837613106
DD user2 43 2000 274.837613106 0 274.837613106 274.837613106
DD user2 44 2000 274.837613106 0 274.837613106 274.837613106
DD user2 45 2000 274.837613106 0 274.837613106 274.837613106
DD user2 46 2000 274.837613106 0 274.837613106 274.837613106
DD user2 47 2000 274.837613106 0 274.837613106 274.837613106
DD user2 48 2000 274.837613106 0 274.837613106 274.837613106
DD user2 49 2000 274.837613106 0 274.837613106 274.837613106
DD user2 50 2000 274.837613106 0 274.837613106 274.837613106
DD user2 51 2000 274.837613106 0 274.837613106 274.837613106
DD user2 52 2000 274.837613106 0 274.837613106 274.837613106
DD user2 53 2000 274.837613106 0 274.837613106 274.837613106
DD user2 54 2000 274.837613106 0 274.837613106 274.837613106
DD user2 55 2000 274.837613106 0 274.837613106 274.837613106
DD user2 56 2000 274.837613106 0 274.837613106 274.837613106
DD user2 57 2000 31.9586992264 274.837613106 306.796312332 306.796312332
DD user2 58 2000 31.9586992264 274.837613106 306.796312332 306.796312332
DD user2 59 2000 31.9586992264 274.837613106 306.796312332 306.796312332
DD user2 60 2000 31.9586992264 274.837613106 306.796312332 306.796312332
----------------------------------------------
BB user1 1 2700 372.509833333 394.679 767.188833333 2596.00834665
BB user1 2 2700 372.509833333 394.679 767.188833333 2596.00834665
BB user1 3 2700 372.509833333 394.679 767.188833333 2596.00834665
BB user1 4 2700 372.509833333 394.679 767.188833333 2596.00834665
BB user1 5 2700 372.509833333 394.679 767.188833333 2596.00834665
BB user1 6 2700 372.509833333 394.679 767.188833333 2596.00834665
BB user1 7 2700 372.509833333 394.679 767.188833333 2596.00834665
BB user1 8 2700 372.509833333 394.679 767.188833333 2596.00834665
BB user1 9 2700 372.509833333 394.679 767.188833333 2596.00834665
BB user1 10 2700 372.509833333 394.679 767.188833333 2596.00834665
BB user1 11 2700 372.509833333 394.679 767.188833333 2596.00834665
BB user1 12 2700 372.509833333 394.679 767.188833333 2596.00834665
BB user1 13 2700 372.509833333 394.679 767.188833333 2596.00834665
BB user1 14 2700 372.509833333 394.679 767.188833333 2596.00834665
BB user1 15 2700 372.509833333 394.679 767.188833333 2596.00834665
BB user1 16 2700 372.509833333 394.679 767.188833333 2596.00834665
BB user1 17 2700 372.509833333 394.679 767.188833333 2596.00834665
BB user1 18 2700 372.509833333 394.679 767.188833333 2596.00834665
BB user1 19 2700 372.509833333 394.679 767.188833333 2596.00834665
BB user1 20 2700 372.509833333 394.679 767.188833333 2596.00834665
BB user1 21 2700 372.509833333 394.679 767.188833333 2596.00834665
BB user1 22 2700 372.509833333 394.679 767.188833333 2596.00834665
BB user1 23 2700 372.509833333 394.679 767.188833333 2596.00834665
BB user1 24 2700 372.509833333 394.679 767.188833333 2596.00834665
BB user1 25 2700 372.509833333 394.679 767.188833333 2596.00834665
BB user1 26 2700 372.509833333 394.679 767.188833333 2596.00834665
BB user1 27 2700 372.509833333 394.679 767.188833333 2596.00834665
BB user1 28 2700 372.509833333 394.679 767.188833333 2596.00834665
BB user1 29 2700 372.509833333 394.679 767.188833333 2596.00834665
BB user1 30 2700 372.509833333 394.679 767.188833333 2596.00834665
BB user1 31 2700 372.509833333 394.679 767.188833333 2596.00834665
BB user1 32 2700 372.509833333 394.679 767.188833333 2596.00834665
BB user1 33 2700 372.509833333 394.679 767.188833333 2596.00834665
BB user1 34 2700 372.509833333 394.679 767.188833333 2596.00834665
BB user1 35 2700 372.509833333 394.679 767.188833333 2596.00834665
BB user1 36 2700 372.509833333 394.679 767.188833333 2596.00834665
BB user1 37 2700 372.509833333 394.679 767.188833333 2596.00834665
BB user1 38 2700 372.509833333 394.679 767.188833333 2596.00834665
BB user1 39 2700 372.509833333 394.679 767.188833333 2596.00834665
BB user1 40 2700 372.509833333 394.679 767.188833333 2596.00834665
BB user2 1 2000 394.679 0 394.679 669.516613106
BB user2 2 2000 394.679 0 394.679 669.516613106
BB user2 3 2000 394.679 0 394.679 669.516613106
BB user2 4 2000 394.679 0 394.679 669.516613106
BB user2 5 2000 394.679 0 394.679 669.516613106
BB user2 6 2000 394.679 0 394.679 669.516613106
BB user2 7 2000 394.679 0 394.679 669.516613106
BB user2 8 2000 394.679 0 394.679 669.516613106
BB user2 9 2000 394.679 0 394.679 669.516613106
BB user2 10 2000 394.679 0 394.679 669.516613106
BB user2 11 2000 394.679 0 394.679 669.516613106
BB user2 12 2000 394.679 0 394.679 669.516613106
BB user2 13 2000 394.679 0 394.679 669.516613106
BB user2 14 2000 394.679 0 394.679 669.516613106
BB user2 15 2000 394.679 0 394.679 669.516613106
BB user2 16 2000 394.679 0 394.679 669.516613106
BB user2 17 2000 394.679 0 394.679 669.516613106
BB user2 18 2000 394.679 0 394.679 669.516613106
BB user2 19 2000 394.679 0 394.679 669.516613106
BB user2 20 2000 394.679 0 394.679 669.516613106
BB user2 21 2000 394.679 0 394.679 669.516613106
BB user2 22 2000 394.679 0 394.679 669.516613106
BB user2 23 2000 394.679 0 394.679 669.516613106
BB user2 24 2000 394.679 0 394.679 669.516613106
BB user2 25 2000 394.679 0 394.679 669.516613106
BB user2 26 2000 394.679 0 394.679 669.516613106
BB user2 27 2000 394.679 0 394.679 669.516613106
BB user2 28 2000 394.679 0 394.679 669.516613106
BB user2 29 2000 394.679 0 394.679 669.516613106
BB user2 30 2000 394.679 0 394.679 669.516613106
BB user2 31 2000 394.679 0 394.679 669.516613106
BB user2 32 2000 394.679 0 394.679 669.516613106
BB user2 33 2000 394.679 0 394.679 669.516613106
BB user2 34 2000 394.679 0 394.679 669.516613106
BB user2 35 2000 394.679 0 394.679 669.516613106
BB user2 36 2000 394.679 0 394.679 669.516613106
BB user2 37 2000 394.679 0 394.679 669.516613106
BB user2 38 2000 394.679 0 394.679 669.516613106
BB user2 39 2000 394.679 0 394.679 669.516613106
BB user2 40 2000 394.679 0 394.679 669.516613106
BB user2 41 2000 394.679 0 394.679 669.516613106
BB user2 42 2000 394.679 0 394.679 669.516613106
BB user2 43 2000 394.679 0 394.679 669.516613106
BB user2 44 2000 394.679 0 394.679 669.516613106
BB user2 45 2000 394.679 0 394.679 669.516613106
BB user2 46 2000 394.679 0 394.679 669.516613106
BB user2 47 2000 394.679 0 394.679 669.516613106
BB user2 48 2000 394.679 0 394.679 669.516613106
BB user2 49 2000 394.679 0 394.679 669.516613106
BB user2 50 2000 394.679 0 394.679 669.516613106
BB user2 51 2000 394.679 0 394.679 669.516613106
BB user2 52 2000 372.509833333 394.679 767.188833333 1042.02644644
BB user2 53 2000 372.509833333 394.679 767.188833333 1042.02644644
BB user2 54 2000 372.509833333 394.679 767.188833333 1042.02644644
BB user2 55 2000 372.509833333 394.679 767.188833333 1042.02644644
BB user2 56 2000 372.509833333 394.679 767.188833333 1042.02644644
BB user2 57 2000 394.679 0 394.679 701.475312332
BB user2 58 2000 394.679 0 394.679 701.475312332
BB user2 59 2000 394.679 0 394.679 701.475312332
BB user2 60 2000 394.679 0 394.679 701.475312332
----------------------------------------------
HH user1 1 2700 90.53645 0 90.53645 2686.54479665
HH user1 2 2700 90.53645 0 90.53645 2686.54479665
HH user1 3 2700 90.53645 0 90.53645 2686.54479665
HH user1 4 2700 90.53645 0 90.53645 2686.54479665
HH user1 5 2700 90.53645 0 90.53645 2686.54479665
HH user1 6 2700 90.53645 0 90.53645 2686.54479665
HH user1 7 2700 90.53645 0 90.53645 2686.54479665
HH user1 8 2700 90.53645 0 90.53645 2686.54479665
HH user1 9 2700 90.53645 0 90.53645 2686.54479665
HH user1 10 2700 90.53645 0 90.53645 2686.54479665
HH user1 11 2700 90.53645 0 90.53645 2686.54479665
HH user1 12 2700 90.53645 0 90.53645 2686.54479665
HH user1 13 2700 90.53645 0 90.53645 2686.54479665
HH user1 14 2700 90.53645 0 90.53645 2686.54479665
HH user1 15 2700 90.53645 0 90.53645 2686.54479665
HH user1 16 2700 90.53645 0 90.53645 2686.54479665
HH user1 17 2700 90.53645 0 90.53645 2686.54479665
HH user1 18 2700 90.53645 0 90.53645 2686.54479665
HH user1 19 2700 90.53645 0 90.53645 2686.54479665
HH user1 20 2700 90.53645 0 90.53645 2686.54479665
HH user1 21 2700 90.53645 0 90.53645 2686.54479665
HH user1 22 2700 90.53645 0 90.53645 2686.54479665
HH user1 23 2700 90.53645 0 90.53645 2686.54479665
HH user1 24 2700 90.53645 0 90.53645 2686.54479665
HH user1 25 2700 90.53645 0 90.53645 2686.54479665
HH user1 26 2700 90.53645 0 90.53645 2686.54479665
HH user1 27 2700 90.53645 0 90.53645 2686.54479665
HH user1 28 2700 90.53645 0 90.53645 2686.54479665
HH user1 29 2700 90.53645 0 90.53645 2686.54479665
HH user1 30 2700 90.53645 0 90.53645 2686.54479665
HH user1 31 2700 90.53645 0 90.53645 2686.54479665
HH user1 32 2700 90.53645 0 90.53645 2686.54479665
HH user1 33 2700 90.53645 0 90.53645 2686.54479665
HH user1 34 2700 90.53645 0 90.53645 2686.54479665
HH user1 35 2700 90.53645 0 90.53645 2686.54479665
HH user1 36 2700 90.53645 0 90.53645 2686.54479665
HH user1 37 2700 21.5685833333 90.53645 112.105033333 2708.11337999
HH user1 38 2700 21.5685833333 90.53645 112.105033333 2708.11337999
HH user1 39 2700 21.5685833333 90.53645 112.105033333 2708.11337999
HH user1 40 2700 21.5685833333 90.53645 112.105033333 2708.11337999
HH user2 1 2000 90.53645 0 90.53645 760.053063106
HH user2 2 2000 90.53645 0 90.53645 760.053063106
HH user2 3 2000 90.53645 0 90.53645 760.053063106
HH user2 4 2000 90.53645 0 90.53645 760.053063106
HH user2 5 2000 90.53645 0 90.53645 760.053063106
HH user2 6 2000 90.53645 0 90.53645 760.053063106
HH user2 7 2000 90.53645 0 90.53645 760.053063106
HH user2 8 2000 90.53645 0 90.53645 760.053063106
HH user2 9 2000 90.53645 0 90.53645 760.053063106
HH user2 10 2000 90.53645 0 90.53645 760.053063106
HH user2 11 2000 90.53645 0 90.53645 760.053063106
HH user2 12 2000 90.53645 0 90.53645 760.053063106
HH user2 13 2000 90.53645 0 90.53645 760.053063106
HH user2 14 2000 90.53645 0 90.53645 760.053063106
HH user2 15 2000 90.53645 0 90.53645 760.053063106
HH user2 16 2000 90.53645 0 90.53645 760.053063106
HH user2 17 2000 90.53645 0 90.53645 760.053063106
HH user2 18 2000 90.53645 0 90.53645 760.053063106
HH user2 19 2000 90.53645 0 90.53645 760.053063106
HH user2 20 2000 90.53645 0 90.53645 760.053063106
HH user2 21 2000 90.53645 0 90.53645 760.053063106
HH user2 22 2000 90.53645 0 90.53645 760.053063106
HH user2 23 2000 90.53645 0 90.53645 760.053063106
HH user2 24 2000 90.53645 0 90.53645 760.053063106
HH user2 25 2000 90.53645 0 90.53645 760.053063106
HH user2 26 2000 90.53645 0 90.53645 760.053063106
HH user2 27 2000 90.53645 0 90.53645 760.053063106
HH user2 28 2000 90.53645 0 90.53645 760.053063106
HH user2 29 2000 90.53645 0 90.53645 760.053063106
HH user2 30 2000 90.53645 0 90.53645 760.053063106
HH user2 31 2000 90.53645 0 90.53645 760.053063106
HH user2 32 2000 90.53645 0 90.53645 760.053063106
HH user2 33 2000 90.53645 0 90.53645 760.053063106
HH user2 34 2000 90.53645 0 90.53645 760.053063106
HH user2 35 2000 90.53645 0 90.53645 760.053063106
HH user2 36 2000 90.53645 0 90.53645 760.053063106
HH user2 37 2000 90.53645 0 90.53645 760.053063106
HH user2 38 2000 90.53645 0 90.53645 760.053063106
HH user2 39 2000 90.53645 0 90.53645 760.053063106
HH user2 40 2000 90.53645 0 90.53645 760.053063106
HH user2 41 2000 90.53645 0 90.53645 760.053063106
HH user2 42 2000 90.53645 0 90.53645 760.053063106
HH user2 43 2000 90.53645 0 90.53645 760.053063106
HH user2 44 2000 90.53645 0 90.53645 760.053063106
HH user2 45 2000 90.53645 0 90.53645 760.053063106
HH user2 46 2000 90.53645 0 90.53645 760.053063106
HH user2 47 2000 90.53645 0 90.53645 760.053063106
HH user2 48 2000 90.53645 0 90.53645 760.053063106
HH user2 49 2000 90.53645 0 90.53645 760.053063106
HH user2 50 2000 90.53645 0 90.53645 760.053063106
HH user2 51 2000 90.53645 0 90.53645 760.053063106
HH user2 52 2000 90.53645 0 90.53645 1132.56289644
HH user2 53 2000 90.53645 0 90.53645 1132.56289644
HH user2 54 2000 90.53645 0 90.53645 1132.56289644
HH user2 55 2000 90.53645 0 90.53645 1132.56289644
HH user2 56 2000 90.53645 0 90.53645 1132.56289644
HH user2 57 2000 90.53645 0 90.53645 792.011762332
HH user2 58 2000 90.53645 0 90.53645 792.011762332
HH user2 59 2000 90.53645 0 90.53645 792.011762332
HH user2 60 2000 90.53645 0 90.53645 792.011762332
HH user3 1 2000 90.53645 0 90.53645 90.53645
HH user3 2 2000 90.53645 0 90.53645 90.53645
HH user3 3 2000 90.53645 0 90.53645 90.53645
HH user3 4 2000 90.53645 0 90.53645 90.53645
HH user3 5 2000 90.53645 0 90.53645 90.53645
HH user3 6 2000 90.53645 0 90.53645 90.53645
HH user3 7 2000 90.53645 0 90.53645 90.53645
HH user3 8 2000 90.53645 0 90.53645 90.53645
HH user3 9 2000 90.53645 0 90.53645 90.53645
HH user3 10 2000 90.53645 0 90.53645 90.53645
HH user3 11 2000 90.53645 0 90.53645 90.53645
HH user3 12 2000 90.53645 0 90.53645 90.53645
HH user3 13 2000 90.53645 0 90.53645 90.53645
HH user3 14 2000 90.53645 0 90.53645 90.53645
HH user3 15 2000 90.53645 0 90.53645 90.53645
HH user3 16 2000 90.53645 0 90.53645 90.53645
HH user3 17 2000 90.53645 0 90.53645 90.53645
HH user3 18 2000 90.53645 0 90.53645 90.53645
HH user3 19 2000 90.53645 0 90.53645 90.53645
HH user3 20 2000 90.53645 0 90.53645 90.53645
HH user3 21 2000 90.53645 0 90.53645 90.53645
HH user3 22 2000 90.53645 0 90.53645 90.53645
HH user3 23 2000 90.53645 0 90.53645 90.53645
HH user3 24 2000 90.53645 0 90.53645 90.53645
HH user3 25 2000 90.53645 0 90.53645 90.53645
HH user3 26 2000 90.53645 0 90.53645 90.53645
HH user3 27 2000 90.53645 0 90.53645 90.53645
HH user3 28 2000 90.53645 0 90.53645 90.53645
HH user3 29 2000 90.53645 0 90.53645 90.53645
HH user3 30 2000 90.53645 0 90.53645 90.53645
----------------------------------------------
II user2 1 2000 1079.0 0 1079.0 1839.05306311
II user2 2 2000 1079.0 0 1079.0 1839.05306311
II user2 3 2000 1079.0 0 1079.0 1839.05306311
II user2 4 2000 1079.0 0 1079.0 1839.05306311
II user2 5 2000 1079.0 0 1079.0 1839.05306311
II user2 6 2000 1079.0 0 1079.0 1839.05306311
II user2 7 2000 1079.0 0 1079.0 1839.05306311
II user2 8 2000 1079.0 0 1079.0 1839.05306311
II user2 9 2000 1079.0 0 1079.0 1839.05306311
II user2 10 2000 1079.0 0 1079.0 1839.05306311
II user2 11 2000 1079.0 0 1079.0 1839.05306311
II user2 12 2000 1079.0 0 1079.0 1839.05306311
II user2 13 2000 1079.0 0 1079.0 1839.05306311
II user2 14 2000 1079.0 0 1079.0 1839.05306311
II user2 15 2000 1079.0 0 1079.0 1839.05306311
II user2 16 2000 1079.0 0 1079.0 1839.05306311
II user2 17 2000 1079.0 0 1079.0 1839.05306311
II user2 18 2000 1079.0 0 1079.0 1839.05306311
II user2 19 2000 1079.0 0 1079.0 1839.05306311
II user2 20 2000 1079.0 0 1079.0 1839.05306311
II user2 21 2000 1079.0 0 1079.0 1839.05306311
II user2 22 2000 1079.0 0 1079.0 1839.05306311
II user2 23 2000 1079.0 0 1079.0 1839.05306311
II user2 24 2000 1079.0 0 1079.0 1839.05306311
II user2 25 2000 1079.0 0 1079.0 1839.05306311
II user2 26 2000 1079.0 0 1079.0 1839.05306311
II user2 27 2000 1079.0 0 1079.0 1839.05306311
II user2 28 2000 1079.0 0 1079.0 1839.05306311
II user2 29 2000 1079.0 0 1079.0 1839.05306311
II user2 30 2000 1079.0 0 1079.0 1839.05306311
II user2 31 2000 1079.0 0 1079.0 1839.05306311
II user2 32 2000 1079.0 0 1079.0 1839.05306311
II user2 33 2000 1079.0 0 1079.0 1839.05306311
II user2 34 2000 1079.0 0 1079.0 1839.05306311
II user2 35 2000 1079.0 0 1079.0 1839.05306311
II user2 36 2000 1079.0 0 1079.0 1839.05306311
II user2 37 2000 1079.0 0 1079.0 1839.05306311
II user2 38 2000 1079.0 0 1079.0 1839.05306311
II user2 39 2000 1079.0 0 1079.0 1839.05306311
II user2 40 2000 1079.0 0 1079.0 1839.05306311
II user2 41 2000 1079.0 0 1079.0 1839.05306311
II user2 42 2000 1079.0 0 1079.0 1839.05306311
II user2 43 2000 1079.0 0 1079.0 1839.05306311
II user2 44 2000 1079.0 0 1079.0 1839.05306311
II user2 45 2000 1079.0 0 1079.0 1839.05306311
II user2 46 2000 1079.0 0 1079.0 1839.05306311
II user2 47 2000 1079.0 0 1079.0 1839.05306311
II user2 48 2000 1079.0 0 1079.0 1839.05306311
II user2 49 2000 1079.0 0 1079.0 1839.05306311
II user2 50 2000 1079.0 0 1079.0 1839.05306311
II user2 51 2000 1079.0 0 1079.0 1839.05306311
II user2 52 2000 1079.0 0 1079.0 2211.56289644
II user2 53 2000 1079.0 0 1079.0 2211.56289644
II user2 54 2000 1079.0 0 1079.0 2211.56289644
II user2 55 2000 1079.0 0 1079.0 2211.56289644
II user2 56 2000 1079.0 0 1079.0 2211.56289644
II user2 57 2000 1079.0 0 1079.0 1871.01176233
II user2 58 2000 1079.0 0 1079.0 1871.01176233
II user2 59 2000 1079.0 0 1079.0 1871.01176233
II user2 60 2000 1079.0 0 1079.0 1871.01176233
II user3 1 2000 1079.0 0 1079.0 1169.53645
II user3 2 2000 1079.0 0 1079.0 1169.53645
II user3 3 2000 1079.0 0 1079.0 1169.53645
II user3 4 2000 1079.0 0 1079.0 1169.53645
II user3 5 2000 1079.0 0 1079.0 1169.53645
II user3 6 2000 1079.0 0 1079.0 1169.53645
II user3 7 2000 1079.0 0 1079.0 1169.53645
II user3 8 2000 1079.0 0 1079.0 1169.53645
II user3 9 2000 1079.0 0 1079.0 1169.53645
II user3 10 2000 1079.0 0 1079.0 1169.53645
II user3 11 2000 1079.0 0 1079.0 1169.53645
II user3 12 2000 1079.0 0 1079.0 1169.53645
II user3 13 2000 1079.0 0 1079.0 1169.53645
II user3 14 2000 1079.0 0 1079.0 1169.53645
II user3 15 2000 1079.0 0 1079.0 1169.53645
II user3 16 2000 1079.0 0 1079.0 1169.53645
II user3 17 2000 1079.0 0 1079.0 1169.53645
II user3 18 2000 1079.0 0 1079.0 1169.53645
II user3 19 2000 1079.0 0 1079.0 1169.53645
II user3 20 2000 1079.0 0 1079.0 1169.53645
II user3 21 2000 1079.0 0 1079.0 1169.53645
II user3 22 2000 1079.0 0 1079.0 1169.53645
II user3 23 2000 1079.0 0 1079.0 1169.53645
II user3 24 2000 1079.0 0 1079.0 1169.53645
II user3 25 2000 1079.0 0 1079.0 1169.53645
II user3 26 2000 1079.0 0 1079.0 1169.53645
II user3 27 2000 1079.0 0 1079.0 1169.53645
II user3 28 2000 1079.0 0 1079.0 1169.53645
II user3 29 2000 1079.0 0 1079.0 1169.53645
II user3 30 2000 1079.0 0 1079.0 1169.53645
