----------------------------------------------
PP
----------------------------------------------
DD
----------------------------------------------
BB
----------------------------------------------
HH
----------------------------------------------
II
----------------------------------------------
PP user1 1 2700 461.187958717 0 461.187958717 461.187958717
PP user1 2 2700 461.187958717 0 461.187958717 461.187958717
PP user1 3 2700 461.187958717 0 461.187958717 461.187958717
PP user1 4 2700 461.187958717 0 461.187958717 461.187958717
PP user1 5 2700 461.187958717 0 461.187958717 461.187958717
PP user1 6 2700 461.187958717 0 461.187958717 461.187958717
PP user1 7 2700 461.187958717 0 461.187958717 461.187958717
PP user1 8 2700 461.187958717 0 461.187958717 461.187958717
PP user1 9 2700 461.187958717 0 461.187958717 461.187958717
PP user1 10 2700 461.187958717 0 461.187958717 461.187958717
PP user1 11 2700 461.187958717 461.187958717 922.375917434 922.375917434
PP user1 12 2700 461.187958717 461.187958717 922.375917434 922.375917434
PP user1 13 2700 461.187958717 461.187958717 922.375917434 922.375917434
PP user1 14 2700 461.187958717 461.187958717 922.375917434 922.375917434
PP user1 15 2700 461.187958717 461.187958717 922.375917434 922.375917434
PP user1 16 2700 461.187958717 461.187958717 922.375917434 922.375917434
PP user1 17 2700 461.187958717 461.187958717 922.375917434 922.375917434
PP user1 18 2700 461.187958717 461.187958717 922.375917434 922.375917434
PP user1 19 2700 461.187958717 461.187958717 922.375917434 922.375917434
PP user1 20 2700 461.187958717 461.187958717 922.375917434 922.375917434
PP user1 21 2700 461.187958717 922.375917434 1383.56387615 1383.56387615
PP user1 22 2700 461.187958717 922.375917434 1383.56387615 1383.56387615
PP user1 23 2700 461.187958717 922.375917434 1383.56387615 1383.56387615
PP user1 24 2700 461.187958717 922.375917434 1383.56387615 1383.56387615
PP user1 25 2700 461.187958717 922.375917434 1383.56387615 1383.56387615
PP user1 26 2700 461.187958717 922.375917434 1383.56387615 1383.56387615
PP user1 27 2700 461.187958717 922.375917434 1383.56387615 1383.56387615
PP user1 28 2700 461.187958717 922.375917434 1383.56387615 1383.56387615
PP user1 29 2700 461.187958717 922.375917434 1383.56387615 1383.56387615
PP user1 30 2700 461.187958717 922.375917434 1383.56387615 1383.56387615
PP user1 31 2700 461.187958717 1383.56387615 1844.75183487 1844.75183487
PP user1 32 2700 461.187958717 1383.56387615 1844.75183487 1844.75183487
PP user1 33 2700 461.187958717 1383.56387615 1844.75183487 1844.75183487
PP user1 34 2700 461.187958717 1383.56387615 1844.75183487 1844.75183487
PP user1 35 2700 461.187958717 1383.56387615 1844.75183487 1844.75183487
PP user1 36 2700 461.187958717 1383.56387615 1844.75183487 1844.75183487
PP user1 37 2700 461.187958717 1383.56387615 1844.75183487 1844.75183487
PP user1 38 2700 461.187958717 1383.56387615 1844.75183487 1844.75183487
PP user1 39 2700 461.187958717 1383.56387615 1844.75183487 1844.75183487
PP user1 40 2700 461.187958717 1383.56387615 1844.75183487 1844.75183487
----------------------------------------------
DD user2 1 2000 59.8390102386 0 59.8390102386 59.8390102386
DD user2 2 2000 59.8390102386 0 59.8390102386 59.8390102386
DD user2 3 2000 59.8390102386 0 59.8390102386 59.8390102386
DD user2 4 2000 59.8390102386 0 59.8390102386 59.8390102386
DD user2 5 2000 59.8390102386 0 59.8390102386 59.8390102386
DD user2 6 2000 59.8390102386 0 59.8390102386 59.8390102386
DD user2 7 2000 59.8390102386 0 59.8390102386 59.8390102386
DD user2 8 2000 59.8390102386 0 59.8390102386 59.8390102386
DD user2 9 2000 59.8390102386 0 59.8390102386 59.8390102386
DD user2 10 2000 59.8390102386 0 59.8390102386 59.8390102386
DD user2 11 2000 59.8390102386 59.8390102386 119.678020477 119.678020477
DD user2 12 2000 59.8390102386 59.8390102386 119.678020477 119.678020477
DD user2 13 2000 59.8390102386 59.8390102386 119.678020477 119.678020477
DD user2 14 2000 59.8390102386 59.8390102386 119.678020477 119.678020477
DD user2 15 2000 59.8390102386 59.8390102386 119.678020477 119.678020477
DD user2 16 2000 59.8390102386 59.8390102386 119.678020477 119.678020477
DD user2 17 2000 59.8390102386 59.8390102386 119.678020477 119.678020477
DD user2 18 2000 59.8390102386 59.8390102386 119.678020477 119.678020477
DD user2 19 2000 59.8390102386 59.8390102386 119.678020477 119.678020477
DD user2 20 2000 59.8390102386 59.8390102386 119.678020477 119.678020477
DD user2 21 2000 59.8390102386 119.678020477 179.517030716 179.517030716
DD user2 22 2000 59.8390102386 119.678020477 179.517030716 179.517030716
DD user2 23 2000 59.8390102386 119.678020477 179.517030716 179.517030716
DD user2 24 2000 59.8390102386 119.678020477 179.517030716 179.517030716
DD user2 25 2000 59.8390102386 119.678020477 179.517030716 179.517030716
DD user2 26 2000 59.8390102386 119.678020477 179.517030716 179.517030716
DD user2 27 2000 59.8390102386 119.678020477 179.517030716 179.517030716
DD user2 28 2000 59.8390102386 119.678020477 179.517030716 179.517030716
DD user2 29 2000 59.8390102386 119.678020477 179.517030716 179.517030716
DD user2 30 2000 59.8390102386 119.678020477 179.517030716 179.517030716
DD user2 31 2000 59.8390102386 179.517030716 239.356040955 239.356040955
DD user2 32 2000 59.8390102386 179.517030716 239.356040955 239.356040955
DD user2 33 2000 59.8390102386 179.517030716 239.356040955 239.356040955
DD user2 34 2000 59.8390102386 179.517030716 239.356040955 239.356040955
DD user2 35 2000 59.8390102386 179.517030716 239.356040955 239.356040955
DD user2 36 2000 59.8390102386 179.517030716 239.356040955 239.356040955
DD user2 37 2000 59.8390102386 179.517030716 239.356040955 239.356040955
DD user2 38 2000 59.8390102386 179.517030716 239.356040955 239.356040955
DD user2 39 2000 59.8390102386 179.517030716 239.356040955 239.356040955
DD user2 40 2000 59.8390102386 179.517030716 239.356040955 239.356040955
DD user2 41 2000 59.8390102386 239.356040955 299.195051193 299.195051193
DD user2 42 2000 59.8390102386 239.356040955 299.195051193 299.195051193
DD user2 43 2000 59.8390102386 239.356040955 299.195051193 299.195051193
DD user2 44 2000 59.8390102386 239.356040955 299.195051193 299.195051193
DD user2 45 2000 59.8390102386 239.356040955 299.195051193 299.195051193
DD user2 46 2000 59.8390102386 239.356040955 299.195051193 299.195051193
DD user2 47 2000 59.8390102386 239.356040955 299.195051193 299.195051193
DD user2 48 2000 59.8390102386 239.356040955 299.195051193 299.195051193
DD user2 49 2000 59.8390102386 239.356040955 299.195051193 299.195051193
DD user2 50 2000 59.8390102386 239.356040955 299.195051193 299.195051193
DD user2 51 2000 59.8390102386 299.195051193 359.034061432 359.034061432
DD user2 52 2000 59.8390102386 299.195051193 359.034061432 359.034061432
DD user2 53 2000 59.8390102386 299.195051193 359.034061432 359.034061432
DD user2 54 2000 59.8390102386 299.195051193 359.034061432 359.034061432
DD user2 55 2000 59.8390102386 299.195051193 359.034061432 359.034061432
DD user2 56 2000 59.8390102386 299.195051193 359.034061432 359.034061432
DD user2 57 2000 59.8390102386 299.195051193 359.034061432 359.034061432
DD user2 58 2000 59.8390102386 299.195051193 359.034061432 359.034061432
DD user2 59 2000 59.8390102386 299.195051193 359.034061432 359.034061432
DD user2 60 2000 59.8390102386 299.195051193 359.034061432 359.034061432
----------------------------------------------
BB user1 1 2700 103.341541667 930.073875 1033.41541667 1494.60337538
BB user1 2 2700 103.341541667 930.073875 1033.41541667 1494.60337538
BB user1 3 2700 103.341541667 930.073875 1033.41541667 1494.60337538
BB user1 4 2700 103.341541667 930.073875 1033.41541667 1494.60337538
BB user1 5 2700 103.341541667 930.073875 1033.41541667 1494.60337538
BB user1 6 2700 103.341541667 930.073875 1033.41541667 1494.60337538
BB user1 7 2700 103.341541667 930.073875 1033.41541667 1494.60337538
BB user1 8 2700 103.341541667 930.073875 1033.41541667 1494.60337538
BB user1 9 2700 103.341541667 930.073875 1033.41541667 1494.60337538
BB user1 10 2700 103.341541667 930.073875 1033.41541667 1494.60337538
BB user1 11 2700 103.341541667 516.707708333 620.04925 1542.42516743
BB user1 12 2700 103.341541667 516.707708333 620.04925 1542.42516743
BB user1 13 2700 103.341541667 516.707708333 620.04925 1542.42516743
BB user1 14 2700 103.341541667 516.707708333 620.04925 1542.42516743
BB user1 15 2700 103.341541667 516.707708333 620.04925 1542.42516743
BB user1 16 2700 103.341541667 516.707708333 620.04925 1542.42516743
BB user1 17 2700 103.341541667 516.707708333 620.04925 1542.42516743
BB user1 18 2700 103.341541667 516.707708333 620.04925 1542.42516743
BB user1 19 2700 103.341541667 516.707708333 620.04925 1542.42516743
BB user1 20 2700 103.341541667 516.707708333 620.04925 1542.42516743
BB user1 21 2700 103.341541667 103.341541667 206.683083333 1590.24695948
BB user1 22 2700 103.341541667 103.341541667 206.683083333 1590.24695948
BB user1 23 2700 103.341541667 103.341541667 206.683083333 1590.24695948
BB user1 24 2700 103.341541667 103.341541667 206.683083333 1590.24695948
BB user1 25 2700 103.341541667 103.341541667 206.683083333 1590.24695948
BB user1 26 2700 103.341541667 103.341541667 206.683083333 1590.24695948
BB user1 27 2700 103.341541667 103.341541667 206.683083333 1590.24695948
BB user1 28 2700 103.341541667 103.341541667 206.683083333 1590.24695948
BB user1 29 2700 103.341541667 103.341541667 206.683083333 1590.24695948
BB user1 30 2700 103.341541667 103.341541667 206.683083333 1590.24695948
BB user1 31 2700 103.341541667 0 103.341541667 1948.09337653
BB user1 32 2700 103.341541667 0 103.341541667 1948.09337653
BB user1 33 2700 103.341541667 0 103.341541667 1948.09337653
BB user1 34 2700 103.341541667 0 103.341541667 1948.09337653
BB user1 35 2700 103.341541667 0 103.341541667 1948.09337653
BB user1 36 2700 103.341541667 0 103.341541667 1948.09337653
BB user1 37 2700 103.341541667 0 103.341541667 1948.09337653
BB user1 38 2700 103.341541667 0 103.341541667 1948.09337653
BB user1 39 2700 103.341541667 0 103.341541667 1948.09337653
BB user1 40 2700 103.341541667 0 103.341541667 1948.09337653
BB user2 1 2000 103.341541667 826.732333333 930.073875 989.912885239
BB user2 2 2000 103.341541667 826.732333333 930.073875 989.912885239
BB user2 3 2000 103.341541667 826.732333333 930.073875 989.912885239
BB user2 4 2000 103.341541667 826.732333333 930.073875 989.912885239
BB user2 5 2000 103.341541667 826.732333333 930.073875 989.912885239
BB user2 6 2000 103.341541667 826.732333333 930.073875 989.912885239
BB user2 7 2000 103.341541667 826.732333333 930.073875 989.912885239
BB user2 8 2000 103.341541667 826.732333333 930.073875 989.912885239
BB user2 9 2000 103.341541667 826.732333333 930.073875 989.912885239
BB user2 10 2000 103.341541667 826.732333333 930.073875 989.912885239
BB user2 11 2000 103.341541667 723.390791667 826.732333333 946.410353811
BB user2 12 2000 103.341541667 723.390791667 826.732333333 946.410353811
BB user2 13 2000 103.341541667 723.390791667 826.732333333 946.410353811
BB user2 14 2000 103.341541667 723.390791667 826.732333333 946.410353811
BB user2 15 2000 103.341541667 723.390791667 826.732333333 946.410353811
BB user2 16 2000 103.341541667 723.390791667 826.732333333 946.410353811
BB user2 17 2000 103.341541667 723.390791667 826.732333333 946.410353811
BB user2 18 2000 103.341541667 723.390791667 826.732333333 946.410353811
BB user2 19 2000 103.341541667 723.390791667 826.732333333 946.410353811
BB user2 20 2000 103.341541667 723.390791667 826.732333333 946.410353811
BB user2 21 2000 103.341541667 620.04925 723.390791667 902.907822383
BB user2 22 2000 103.341541667 620.04925 723.390791667 902.907822383
BB user2 23 2000 103.341541667 620.04925 723.390791667 902.907822383
BB user2 24 2000 103.341541667 620.04925 723.390791667 902.907822383
BB user2 25 2000 103.341541667 620.04925 723.390791667 902.907822383
BB user2 26 2000 103.341541667 620.04925 723.390791667 902.907822383
BB user2 27 2000 103.341541667 620.04925 723.390791667 902.907822383
BB user2 28 2000 103.341541667 620.04925 723.390791667 902.907822383
BB user2 29 2000 103.341541667 620.04925 723.390791667 902.907822383
BB user2 30 2000 103.341541667 620.04925 723.390791667 902.907822383
BB user2 31 2000 103.341541667 413.366166667 516.707708333 756.063749288
BB user2 32 2000 103.341541667 413.366166667 516.707708333 756.063749288
BB user2 33 2000 103.341541667 413.366166667 516.707708333 756.063749288
BB user2 34 2000 103.341541667 413.366166667 516.707708333 756.063749288
BB user2 35 2000 103.341541667 413.366166667 516.707708333 756.063749288
BB user2 36 2000 103.341541667 413.366166667 516.707708333 756.063749288
BB user2 37 2000 103.341541667 413.366166667 516.707708333 756.063749288
BB user2 38 2000 103.341541667 413.366166667 516.707708333 756.063749288
BB user2 39 2000 103.341541667 413.366166667 516.707708333 756.063749288
BB user2 40 2000 103.341541667 413.366166667 516.707708333 756.063749288
BB user2 41 2000 103.341541667 310.024625 413.366166667 712.56121786
BB user2 42 2000 103.341541667 310.024625 413.366166667 712.56121786
BB user2 43 2000 103.341541667 310.024625 413.366166667 712.56121786
BB user2 44 2000 103.341541667 310.024625 413.366166667 712.56121786
BB user2 45 2000 103.341541667 310.024625 413.366166667 712.56121786
BB user2 46 2000 103.341541667 310.024625 413.366166667 712.56121786
BB user2 47 2000 103.341541667 310.024625 413.366166667 712.56121786
BB user2 48 2000 103.341541667 310.024625 413.366166667 712.56121786
BB user2 49 2000 103.341541667 310.024625 413.366166667 712.56121786
BB user2 50 2000 103.341541667 310.024625 413.366166667 712.56121786
BB user2 51 2000 103.341541667 206.683083333 310.024625 669.058686432
BB user2 52 2000 103.341541667 206.683083333 310.024625 669.058686432
BB user2 53 2000 103.341541667 206.683083333 310.024625 669.058686432
BB user2 54 2000 103.341541667 206.683083333 310.024625 669.058686432
BB user2 55 2000 103.341541667 206.683083333 310.024625 669.058686432
BB user2 56 2000 103.341541667 206.683083333 310.024625 669.058686432
BB user2 57 2000 103.341541667 206.683083333 310.024625 669.058686432
BB user2 58 2000 103.341541667 206.683083333 310.024625 669.058686432
BB user2 59 2000 103.341541667 206.683083333 310.024625 669.058686432
BB user2 60 2000 103.341541667 206.683083333 310.024625 669.058686432
----------------------------------------------
HH user1 1 2700 43.37385 260.2431 303.61695 1798.22032538
HH user1 2 2700 43.37385 260.2431 303.61695 1798.22032538
HH user1 3 2700 43.37385 260.2431 303.61695 1798.22032538
HH user1 4 2700 43.37385 260.2431 303.61695 1798.22032538
HH user1 5 2700 43.37385 260.2431 303.61695 1798.22032538
HH user1 6 2700 43.37385 260.2431 303.61695 1798.22032538
HH user1 7 2700 43.37385 260.2431 303.61695 1798.22032538
HH user1 8 2700 43.37385 260.2431 303.61695 1798.22032538
HH user1 9 2700 43.37385 260.2431 303.61695 1798.22032538
HH user1 10 2700 43.37385 260.2431 303.61695 1798.22032538
HH user1 11 2700 43.37385 216.86925 260.2431 1802.66826743
HH user1 12 2700 43.37385 216.86925 260.2431 1802.66826743
HH user1 13 2700 43.37385 216.86925 260.2431 1802.66826743
HH user1 14 2700 43.37385 216.86925 260.2431 1802.66826743
HH user1 15 2700 43.37385 216.86925 260.2431 1802.66826743
HH user1 16 2700 43.37385 216.86925 260.2431 1802.66826743
HH user1 17 2700 43.37385 216.86925 260.2431 1802.66826743
HH user1 18 2700 43.37385 216.86925 260.2431 1802.66826743
HH user1 19 2700 43.37385 216.86925 260.2431 1802.66826743
HH user1 20 2700 43.37385 216.86925 260.2431 1802.66826743
HH user1 21 2700 43.37385 173.4954 216.86925 1807.11620948
HH user1 22 2700 43.37385 173.4954 216.86925 1807.11620948
HH user1 23 2700 43.37385 173.4954 216.86925 1807.11620948
HH user1 24 2700 43.37385 173.4954 216.86925 1807.11620948
HH user1 25 2700 43.37385 173.4954 216.86925 1807.11620948
HH user1 26 2700 43.37385 173.4954 216.86925 1807.11620948
HH user1 27 2700 43.37385 173.4954 216.86925 1807.11620948
HH user1 28 2700 43.37385 173.4954 216.86925 1807.11620948
HH user1 29 2700 43.37385 173.4954 216.86925 1807.11620948
HH user1 30 2700 43.37385 173.4954 216.86925 1807.11620948
HH user1 31 2700 43.37385 0 43.37385 1991.46722653
HH user1 32 2700 43.37385 0 43.37385 1991.46722653
HH user1 33 2700 43.37385 0 43.37385 1991.46722653
HH user1 34 2700 43.37385 0 43.37385 1991.46722653
HH user1 35 2700 43.37385 0 43.37385 1991.46722653
HH user1 36 2700 43.37385 0 43.37385 1991.46722653
HH user1 37 2700 43.37385 0 43.37385 1991.46722653
HH user1 38 2700 43.37385 0 43.37385 1991.46722653
HH user1 39 2700 43.37385 0 43.37385 1991.46722653
HH user1 40 2700 43.37385 0 43.37385 1991.46722653
HH user2 1 2000 43.37385 43.37385 86.7477 1076.66058524
HH user2 2 2000 43.37385 43.37385 86.7477 1076.66058524
HH user2 3 2000 43.37385 43.37385 86.7477 1076.66058524
HH user2 4 2000 43.37385 43.37385 86.7477 1076.66058524
HH user2 5 2000 43.37385 43.37385 86.7477 1076.66058524
HH user2 6 2000 43.37385 43.37385 86.7477 1076.66058524
HH user2 7 2000 43.37385 43.37385 86.7477 1076.66058524
HH user2 8 2000 43.37385 43.37385 86.7477 1076.66058524
HH user2 9 2000 43.37385 43.37385 86.7477 1076.66058524
HH user2 10 2000 43.37385 43.37385 86.7477 1076.66058524
HH user2 11 2000 43.37385 86.7477 130.12155 1076.53190381
HH user2 12 2000 43.37385 86.7477 130.12155 1076.53190381
HH user2 13 2000 43.37385 86.7477 130.12155 1076.53190381
HH user2 14 2000 43.37385 86.7477 130.12155 1076.53190381
HH user2 15 2000 43.37385 86.7477 130.12155 1076.53190381
HH user2 16 2000 43.37385 86.7477 130.12155 1076.53190381
HH user2 17 2000 43.37385 86.7477 130.12155 1076.53190381
HH user2 18 2000 43.37385 86.7477 130.12155 1076.53190381
HH user2 19 2000 43.37385 86.7477 130.12155 1076.53190381
HH user2 20 2000 43.37385 86.7477 130.12155 1076.53190381
HH user2 21 2000 43.37385 130.12155 173.4954 1076.40322238
HH user2 22 2000 43.37385 130.12155 173.4954 1076.40322238
HH user2 23 2000 43.37385 130.12155 173.4954 1076.40322238
HH user2 24 2000 43.37385 130.12155 173.4954 1076.40322238
HH user2 25 2000 43.37385 130.12155 173.4954 1076.40322238
HH user2 26 2000 43.37385 130.12155 173.4954 1076.40322238
HH user2 27 2000 43.37385 130.12155 173.4954 1076.40322238
HH user2 28 2000 43.37385 130.12155 173.4954 1076.40322238
HH user2 29 2000 43.37385 130.12155 173.4954 1076.40322238
HH user2 30 2000 43.37385 130.12155 173.4954 1076.40322238
HH user2 31 2000 43.37385 303.61695 346.9908 1103.05454929
HH user2 32 2000 43.37385 303.61695 346.9908 1103.05454929
HH user2 33 2000 43.37385 303.61695 346.9908 1103.05454929
HH user2 34 2000 43.37385 303.61695 346.9908 1103.05454929
HH user2 35 2000 43.37385 303.61695 346.9908 1103.05454929
HH user2 36 2000 43.37385 303.61695 346.9908 1103.05454929
HH user2 37 2000 43.37385 303.61695 346.9908 1103.05454929
HH user2 38 2000 43.37385 303.61695 346.9908 1103.05454929
HH user2 39 2000 43.37385 303.61695 346.9908 1103.05454929
HH user2 40 2000 43.37385 303.61695 346.9908 1103.05454929
HH user2 41 2000 43.37385 346.9908 390.36465 1102.92586786
HH user2 42 2000 43.37385 346.9908 390.36465 1102.92586786
HH user2 43 2000 43.37385 346.9908 390.36465 1102.92586786
HH user2 44 2000 43.37385 346.9908 390.36465 1102.92586786
HH user2 45 2000 43.37385 346.9908 390.36465 1102.92586786
HH user2 46 2000 43.37385 346.9908 390.36465 1102.92586786
HH user2 47 2000 43.37385 346.9908 390.36465 1102.92586786
HH user2 48 2000 43.37385 346.9908 390.36465 1102.92586786
HH user2 49 2000 43.37385 346.9908 390.36465 1102.92586786
HH user2 50 2000 43.37385 346.9908 390.36465 1102.92586786
HH user2 51 2000 43.37385 390.36465 433.7385 1102.79718643
HH user2 52 2000 43.37385 390.36465 433.7385 1102.79718643
HH user2 53 2000 43.37385 390.36465 433.7385 1102.79718643
HH user2 54 2000 43.37385 390.36465 433.7385 1102.79718643
HH user2 55 2000 43.37385 390.36465 433.7385 1102.79718643
HH user2 56 2000 43.37385 390.36465 433.7385 1102.79718643
HH user2 57 2000 43.37385 390.36465 433.7385 1102.79718643
HH user2 58 2000 43.37385 390.36465 433.7385 1102.79718643
HH user2 59 2000 43.37385 390.36465 433.7385 1102.79718643
HH user2 60 2000 43.37385 390.36465 433.7385 1102.79718643
HH user3 1 2000 43.37385 433.7385 477.11235 477.11235
HH user3 2 2000 43.37385 433.7385 477.11235 477.11235
HH user3 3 2000 43.37385 433.7385 477.11235 477.11235
HH user3 4 2000 43.37385 433.7385 477.11235 477.11235
HH user3 5 2000 43.37385 433.7385 477.11235 477.11235
HH user3 6 2000 43.37385 433.7385 477.11235 477.11235
HH user3 7 2000 43.37385 433.7385 477.11235 477.11235
HH user3 8 2000 43.37385 433.7385 477.11235 477.11235
HH user3 9 2000 43.37385 433.7385 477.11235 477.11235
HH user3 10 2000 43.37385 433.7385 477.11235 477.11235
HH user3 11 2000 43.37385 477.11235 520.4862 520.4862
HH user3 12 2000 43.37385 477.11235 520.4862 520.4862
HH user3 13 2000 43.37385 477.11235 520.4862 520.4862
HH user3 14 2000 43.37385 477.11235 520.4862 520.4862
HH user3 15 2000 43.37385 477.11235 520.4862 520.4862
HH user3 16 2000 43.37385 477.11235 520.4862 520.4862
HH user3 17 2000 43.37385 477.11235 520.4862 520.4862
HH user3 18 2000 43.37385 477.11235 520.4862 520.4862
HH user3 19 2000 43.37385 477.11235 520.4862 520.4862
HH user3 20 2000 43.37385 477.11235 520.4862 520.4862
HH user3 21 2000 43.37385 520.4862 563.86005 563.86005
HH user3 22 2000 43.37385 520.4862 563.86005 563.86005
HH user3 23 2000 43.37385 520.4862 563.86005 563.86005
HH user3 24 2000 43.37385 520.4862 563.86005 563.86005
HH user3 25 2000 43.37385 520.4862 563.86005 563.86005
HH user3 26 2000 43.37385 520.4862 563.86005 563.86005
HH user3 27 2000 43.37385 520.4862 563.86005 563.86005
HH user3 28 2000 43.37385 520.4862 563.86005 563.86005
HH user3 29 2000 43.37385 520.4862 563.86005 563.86005
HH user3 30 2000 43.37385 520.4862 563.86005 563.86005
HH user3 31 2000 31.5664833333 563.86005 595.426533333 595.426533333
HH user3 32 2000 31.5664833333 563.86005 595.426533333 595.426533333
HH user3 33 2000 31.5664833333 563.86005 595.426533333 595.426533333
HH user3 34 2000 31.5664833333 563.86005 595.426533333 595.426533333
HH user3 35 2000 31.5664833333 563.86005 595.426533333 595.426533333
----------------------------------------------
II user2 1 2000 530.833333333 1592.5 2123.33333333 3199.99391857
II user2 2 2000 530.833333333 1592.5 2123.33333333 3199.99391857
II user2 3 2000 530.833333333 1592.5 2123.33333333 3199.99391857
II user2 4 2000 530.833333333 1592.5 2123.33333333 3199.99391857
II user2 5 2000 530.833333333 1592.5 2123.33333333 3199.99391857
II user2 6 2000 530.833333333 1592.5 2123.33333333 3199.99391857
II user2 7 2000 530.833333333 1592.5 2123.33333333 3199.99391857
II user2 8 2000 530.833333333 1592.5 2123.33333333 3199.99391857
II user2 9 2000 530.833333333 1592.5 2123.33333333 3199.99391857
II user2 10 2000 530.833333333 1592.5 2123.33333333 3199.99391857
II user2 11 2000 530.833333333 2123.33333333 2654.16666667 3730.69857048
II user2 12 2000 530.833333333 2123.33333333 2654.16666667 3730.69857048
II user2 13 2000 530.833333333 2123.33333333 2654.16666667 3730.69857048
II user2 14 2000 530.833333333 2123.33333333 2654.16666667 3730.69857048
II user2 15 2000 530.833333333 2123.33333333 2654.16666667 3730.69857048
II user2 16 2000 530.833333333 2123.33333333 2654.16666667 3730.69857048
II user2 17 2000 530.833333333 2123.33333333 2654.16666667 3730.69857048
II user2 18 2000 530.833333333 2123.33333333 2654.16666667 3730.69857048
II user2 19 2000 530.833333333 2123.33333333 2654.16666667 3730.69857048
II user2 20 2000 530.833333333 2123.33333333 2654.16666667 3730.69857048
II user2 21 2000 530.833333333 2654.16666667 3185.0 4261.40322238
II user2 22 2000 530.833333333 2654.16666667 3185.0 4261.40322238
II user2 23 2000 530.833333333 2654.16666667 3185.0 4261.40322238
II user2 24 2000 530.833333333 2654.16666667 3185.0 4261.40322238
II user2 25 2000 530.833333333 2654.16666667 3185.0 4261.40322238
II user2 26 2000 530.833333333 2654.16666667 3185.0 4261.40322238
II user2 27 2000 530.833333333 2654.16666667 3185.0 4261.40322238
II user2 28 2000 530.833333333 2654.16666667 3185.0 4261.40322238
II user2 29 2000 530.833333333 2654.16666667 3185.0 4261.40322238
II user2 30 2000 530.833333333 2654.16666667 3185.0 4261.40322238
II user2 31 2000 530.833333333 0 530.833333333 1633.88788262
II user2 32 2000 530.833333333 0 530.833333333 1633.88788262
II user2 33 2000 530.833333333 0 530.833333333 1633.88788262
II user2 34 2000 530.833333333 0 530.833333333 1633.88788262
II user2 35 2000 530.833333333 0 530.833333333 1633.88788262
II user2 36 2000 530.833333333 0 530.833333333 1633.88788262
II user2 37 2000 530.833333333 0 530.833333333 1633.88788262
II user2 38 2000 530.833333333 0 530.833333333 1633.88788262
II user2 39 2000 530.833333333 0 530.833333333 1633.88788262
II user2 40 2000 530.833333333 0 530.833333333 1633.88788262
II user2 41 2000 530.833333333 530.833333333 1061.66666667 2164.59253453
II user2 42 2000 530.833333333 530.833333333 1061.66666667 2164.59253453
II user2 43 2000 530.833333333 530.833333333 1061.66666667 2164.59253453
II user2 44 2000 530.833333333 530.833333333 1061.66666667 2164.59253453
II user2 45 2000 530.833333333 530.833333333 1061.66666667 2164.59253453
II user2 46 2000 530.833333333 530.833333333 1061.66666667 2164.59253453
II user2 47 2000 530.833333333 530.833333333 1061.66666667 2164.59253453
II user2 48 2000 530.833333333 530.833333333 1061.66666667 2164.59253453
II user2 49 2000 530.833333333 530.833333333 1061.66666667 2164.59253453
II user2 50 2000 530.833333333 530.833333333 1061.66666667 2164.59253453
II user2 51 2000 530.833333333 1061.66666667 1592.5 2695.29718643
II user2 52 2000 530.833333333 1061.66666667 1592.5 2695.29718643
II user2 53 2000 530.833333333 1061.66666667 1592.5 2695.29718643
II user2 54 2000 530.833333333 1061.66666667 1592.5 2695.29718643
II user2 55 2000 530.833333333 1061.66666667 1592.5 2695.29718643
II user2 56 2000 530.833333333 1061.66666667 1592.5 2695.29718643
II user2 57 2000 530.833333333 1061.66666667 1592.5 2695.29718643
II user2 58 2000 530.833333333 1061.66666667 1592.5 2695.29718643
II user2 59 2000 530.833333333 1061.66666667 1592.5 2695.29718643
II user2 60 2000 530.833333333 1061.66666667 1592.5 2695.29718643
II user3 1 2000 530.833333333 4246.66666667 4777.5 5254.61235
II user3 2 2000 530.833333333 4246.66666667 4777.5 5254.61235
II user3 3 2000 530.833333333 4246.66666667 4777.5 5254.61235
II user3 4 2000 530.833333333 4246.66666667 4777.5 5254.61235
II user3 5 2000 530.833333333 4246.66666667 4777.5 5254.61235
II user3 6 2000 468.333333333 4777.5 5245.83333333 5722.94568333
II user3 7 2000 468.333333333 4777.5 5245.83333333 5722.94568333
II user3 8 2000 468.333333333 4777.5 5245.83333333 5722.94568333
II user3 9 2000 468.333333333 4777.5 5245.83333333 5722.94568333
II user3 10 2000 468.333333333 4777.5 5245.83333333 5722.94568333
II user3 11 2000 530.833333333 3715.83333333 4246.66666667 4767.15286667
II user3 12 2000 530.833333333 3715.83333333 4246.66666667 4767.15286667
II user3 13 2000 530.833333333 3715.83333333 4246.66666667 4767.15286667
II user3 14 2000 530.833333333 3715.83333333 4246.66666667 4767.15286667
II user3 15 2000 530.833333333 3715.83333333 4246.66666667 4767.15286667
II user3 16 2000 530.833333333 4246.66666667 4777.5 5297.9862
II user3 17 2000 530.833333333 4246.66666667 4777.5 5297.9862
II user3 18 2000 530.833333333 4246.66666667 4777.5 5297.9862
II user3 19 2000 530.833333333 4246.66666667 4777.5 5297.9862
II user3 20 2000 530.833333333 4246.66666667 4777.5 5297.9862
II user3 21 2000 530.833333333 3185.0 3715.83333333 4279.69338333
II user3 22 2000 530.833333333 3185.0 3715.83333333 4279.69338333
II user3 23 2000 530.833333333 3185.0 3715.83333333 4279.69338333
II user3 24 2000 530.833333333 3185.0 3715.83333333 4279.69338333
II user3 25 2000 530.833333333 3185.0 3715.83333333 4279.69338333
II user3 26 2000 530.833333333 3715.83333333 4246.66666667 4810.52671667
II user3 27 2000 530.833333333 3715.83333333 4246.66666667 4810.52671667
II user3 28 2000 530.833333333 3715.83333333 4246.66666667 4810.52671667
II user3 29 2000 530.833333333 3715.83333333 4246.66666667 4810.52671667
II user3 30 2000 530.833333333 3715.83333333 4246.66666667 4810.52671667
II user3 31 2000 530.833333333 3185.0 3715.83333333 4311.25986667
II user3 32 2000 530.833333333 3185.0 3715.83333333 4311.25986667
II user3 33 2000 530.833333333 3185.0 3715.83333333 4311.25986667
II user3 34 2000 530.833333333 3185.0 3715.83333333 4311.25986667
II user3 35 2000 530.833333333 3185.0 3715.83333333 4311.25986667
