----------------------------------------------
PP
----------------------------------------------
DD
----------------------------------------------
BB
----------------------------------------------
HH
----------------------------------------------
II
----------------------------------------------
PP user1 1 2700 92.9700136184 0 92.9700136184 92.9700136184
PP user1 2 2700 92.9700136184 92.9700136184 185.940027237 185.940027237
PP user1 3 2700 92.9700136184 185.940027237 278.910040855 278.910040855
PP user1 4 2700 92.9700136184 278.910040855 371.880054474 371.880054474
PP user1 5 2700 92.9700136184 371.880054474 464.850068092 464.850068092
PP user1 6 2700 92.9700136184 464.850068092 557.820081711 557.820081711
PP user1 7 2700 92.9700136184 557.820081711 650.790095329 650.790095329
PP user1 8 2700 92.9700136184 650.790095329 743.760108948 743.760108948
PP user1 9 2700 92.9700136184 743.760108948 836.730122566 836.730122566
PP user1 10 2700 92.9700136184 836.730122566 929.700136185 929.700136185
PP user1 11 2700 92.9700136184 929.700136185 1022.6701498 1022.6701498
PP user1 12 2700 92.9700136184 1022.6701498 1115.64016342 1115.64016342
PP user1 13 2700 92.9700136184 1115.64016342 1208.61017704 1208.61017704
PP user1 14 2700 92.9700136184 1208.61017704 1301.58019066 1301.58019066
PP user1 15 2700 92.9700136184 1301.58019066 1394.55020428 1394.55020428
PP user1 16 2700 92.9700136184 1394.55020428 1487.5202179 1487.5202179
PP user1 17 2700 92.9700136184 1487.5202179 1580.49023151 1580.49023151
PP user1 18 2700 92.9700136184 1580.49023151 1673.46024513 1673.46024513
PP user1 19 2700 92.9700136184 1673.46024513 1766.43025875 1766.43025875
PP user1 20 2700 92.9700136184 1766.43025875 1859.40027237 1859.40027237
PP user1 21 2700 92.9700136184 1859.40027237 1952.37028599 1952.37028599
PP user1 22 2700 92.9700136184 1952.37028599 2045.34029961 2045.34029961
PP user1 23 2700 92.9700136184 2045.34029961 2138.31031322 2138.31031322
PP user1 24 2700 92.9700136184 2138.31031322 2231.28032684 2231.28032684
PP user1 25 2700 92.9700136184 2231.28032684 2324.25034046 2324.25034046
PP user1 26 2700 92.9700136184 2324.25034046 2417.22035408 2417.22035408
PP user1 27 2700 92.9700136184 2417.22035408 2510.1903677 2510.1903677
PP user1 28 2700 92.9700136184 2510.1903677 2603.16038132 2603.16038132
PP user1 29 2700 92.9700136184 2603.16038132 2696.13039494 2696.13039494
PP user1 30 2700 92.9700136184 2696.13039494 2789.10040855 2789.10040855
PP user1 31 2700 92.9700136184 2789.10040855 2882.07042217 2882.07042217
PP user1 32 2700 92.9700136184 2882.07042217 2975.04043579 2975.04043579
PP user1 33 2700 92.9700136184 2975.04043579 3068.01044941 3068.01044941
PP user1 34 2700 92.9700136184 3068.01044941 3160.98046303 3160.98046303
PP user1 35 2700 92.9700136184 3160.98046303 3253.95047665 3253.95047665
PP user1 36 2700 92.9700136184 3253.95047665 3346.92049026 3346.92049026
PP user1 37 2700 92.9700136184 3346.92049026 3439.89050388 3439.89050388
PP user1 38 2700 92.9700136184 3439.89050388 3532.8605175 3532.8605175
PP user1 39 2700 92.9700136184 3532.8605175 3625.83053112 3625.83053112
PP user1 40 2700 92.9700136184 3625.83053112 3718.80054474 3718.80054474
----------------------------------------------
DD user2 1 2000 27.6348590851 0 27.6348590851 27.6348590851
DD user2 2 2000 27.6348590851 27.6348590851 55.2697181702 55.2697181702
DD user2 3 2000 27.6348590851 55.2697181702 82.9045772552 82.9045772552
DD user2 4 2000 27.6348590851 82.9045772552 110.53943634 110.53943634
DD user2 5 2000 27.6348590851 110.53943634 138.174295425 138.174295425
DD user2 6 2000 27.6348590851 138.174295425 165.80915451 165.80915451
DD user2 7 2000 27.6348590851 165.80915451 193.444013596 193.444013596
DD user2 8 2000 27.6348590851 193.444013596 221.078872681 221.078872681
DD user2 9 2000 27.6348590851 221.078872681 248.713731766 248.713731766
DD user2 10 2000 27.6348590851 248.713731766 276.348590851 276.348590851
DD user2 11 2000 27.6348590851 276.348590851 303.983449936 303.983449936
DD user2 12 2000 27.6348590851 303.983449936 331.618309021 331.618309021
DD user2 13 2000 27.6348590851 331.618309021 359.253168106 359.253168106
DD user2 14 2000 27.6348590851 359.253168106 386.888027191 386.888027191
DD user2 15 2000 27.6348590851 386.888027191 414.522886276 414.522886276
DD user2 16 2000 27.6348590851 414.522886276 442.157745361 442.157745361
DD user2 17 2000 27.6348590851 442.157745361 469.792604446 469.792604446
DD user2 18 2000 27.6348590851 469.792604446 497.427463531 497.427463531
DD user2 19 2000 27.6348590851 497.427463531 525.062322617 525.062322617
DD user2 20 2000 27.6348590851 525.062322617 552.697181702 552.697181702
DD user2 21 2000 27.6348590851 552.697181702 580.332040787 580.332040787
DD user2 22 2000 27.6348590851 580.332040787 607.966899872 607.966899872
DD user2 23 2000 27.6348590851 607.966899872 635.601758957 635.601758957
DD user2 24 2000 27.6348590851 635.601758957 663.236618042 663.236618042
DD user2 25 2000 27.6348590851 663.236618042 690.871477127 690.871477127
DD user2 26 2000 27.6348590851 690.871477127 718.506336212 718.506336212
DD user2 27 2000 27.6348590851 718.506336212 746.141195297 746.141195297
DD user2 28 2000 27.6348590851 746.141195297 773.776054382 773.776054382
DD user2 29 2000 27.6348590851 773.776054382 801.410913467 801.410913467
DD user2 30 2000 27.6348590851 801.410913467 829.045772552 829.045772552
DD user2 31 2000 27.6348590851 829.045772552 856.680631638 856.680631638
DD user2 32 2000 27.6348590851 856.680631638 884.315490723 884.315490723
DD user2 33 2000 27.6348590851 884.315490723 911.950349808 911.950349808
DD user2 34 2000 27.6348590851 911.950349808 939.585208893 939.585208893
DD user2 35 2000 27.6348590851 939.585208893 967.220067978 967.220067978
DD user2 36 2000 27.6348590851 967.220067978 994.854927063 994.854927063
DD user2 37 2000 27.6348590851 994.854927063 1022.48978615 1022.48978615
DD user2 38 2000 27.6348590851 1022.48978615 1050.12464523 1050.12464523
DD user2 39 2000 27.6348590851 1050.12464523 1077.75950432 1077.75950432
DD user2 40 2000 27.6348590851 1077.75950432 1105.3943634 1105.3943634
DD user2 41 2000 27.6348590851 1105.3943634 1133.02922249 1133.02922249
DD user2 42 2000 27.6348590851 1133.02922249 1160.66408157 1160.66408157
DD user2 43 2000 27.6348590851 1160.66408157 1188.29894066 1188.29894066
DD user2 44 2000 27.6348590851 1188.29894066 1215.93379974 1215.93379974
DD user2 45 2000 27.6348590851 1215.93379974 1243.56865883 1243.56865883
DD user2 46 2000 27.6348590851 1243.56865883 1271.20351791 1271.20351791
DD user2 47 2000 27.6348590851 1271.20351791 1298.838377 1298.838377
DD user2 48 2000 27.6348590851 1298.838377 1326.47323608 1326.47323608
DD user2 49 2000 27.6348590851 1326.47323608 1354.10809517 1354.10809517
DD user2 50 2000 27.6348590851 1354.10809517 1381.74295425 1381.74295425
DD user2 51 2000 27.6348590851 1381.74295425 1409.37781334 1409.37781334
DD user2 52 2000 27.6348590851 1409.37781334 1437.01267242 1437.01267242
DD user2 53 2000 27.6348590851 1437.01267242 1464.64753151 1464.64753151
DD user2 54 2000 27.6348590851 1464.64753151 1492.28239059 1492.28239059
DD user2 55 2000 27.6348590851 1492.28239059 1519.91724968 1519.91724968
DD user2 56 2000 27.6348590851 1519.91724968 1547.55210876 1547.55210876
DD user2 57 2000 27.6348590851 1547.55210876 1575.18696785 1575.18696785
DD user2 58 2000 27.6348590851 1575.18696785 1602.82182693 1602.82182693
DD user2 59 2000 27.6348590851 1602.82182693 1630.45668602 1630.45668602
DD user2 60 2000 27.6348590851 1630.45668602 1658.0915451 1658.0915451
----------------------------------------------
BB user1 1 2700 25.1984583333 2494.647375 2519.84583333 2612.81584695
BB user1 2 2700 25.1984583333 2469.44891667 2494.647375 2680.58740224
BB user1 3 2700 25.1984583333 2444.25045833 2469.44891667 2748.35895752
BB user1 4 2700 25.1984583333 2419.052 2444.25045833 2816.13051281
BB user1 5 2700 25.1984583333 2393.85354167 2419.052 2883.90206809
BB user1 6 2700 25.1984583333 2368.65508333 2393.85354167 2951.67362338
BB user1 7 2700 25.1984583333 2343.456625 2368.65508333 3019.44517866
BB user1 8 2700 25.1984583333 2293.05970833 2318.25816667 3062.01827561
BB user1 9 2700 25.1984583333 2192.265875 2217.46433333 3054.1944559
BB user1 10 2700 25.1984583333 2066.27358333 2091.47204167 3021.17217785
BB user1 11 2700 25.1984583333 1965.47975 1990.67820833 3013.34835814
BB user1 12 2700 25.1984583333 1839.48745833 1864.68591667 2980.32608009
BB user1 13 2700 25.1984583333 1738.693625 1763.89208333 2972.50226037
BB user1 14 2700 25.1984583333 1637.89979167 1663.09825 2964.67844066
BB user1 15 2700 25.1984583333 1511.9075 1537.10595833 2931.65616261
BB user1 16 2700 25.1984583333 1411.11366667 1436.312125 2923.8323429
BB user1 17 2700 25.1984583333 1310.31983333 1335.51829167 2916.00852318
BB user1 18 2700 25.1984583333 1184.32754167 1209.526 2882.98624513
BB user1 19 2700 25.1984583333 1083.53370833 1108.73216667 2875.16242542
BB user1 20 2700 25.1984583333 982.739875 1007.93833333 2867.3386057
BB user1 21 2700 25.1984583333 856.747583333 881.946041667 2834.31632765
BB user1 22 2700 25.1984583333 755.95375 781.152208333 2826.49250794
BB user1 23 2700 25.1984583333 629.961458333 655.159916667 2793.47022989
BB user1 24 2700 25.1984583333 529.167625 554.366083333 2785.64641018
BB user1 25 2700 25.1984583333 428.373791667 453.57225 2777.82259046
BB user1 26 2700 25.1984583333 352.778416667 377.976875 2795.19722908
BB user1 27 2700 25.1984583333 327.579958333 352.778416667 2862.96878436
BB user1 28 2700 25.1984583333 302.3815 327.579958333 2930.74033965
BB user1 29 2700 25.1984583333 277.183041667 302.3815 2998.51189494
BB user1 30 2700 25.1984583333 251.984583333 277.183041667 3066.28345022
BB user1 31 2700 25.1984583333 226.786125 251.984583333 3134.05500551
BB user1 32 2700 25.1984583333 201.587666667 226.786125 3201.82656079
BB user1 33 2700 25.1984583333 176.389208333 201.587666667 3269.59811608
BB user1 34 2700 25.1984583333 151.19075 176.389208333 3337.36967136
BB user1 35 2700 25.1984583333 125.992291667 151.19075 3405.14122665
BB user1 36 2700 25.1984583333 100.793833333 125.992291667 3472.91278193
BB user1 37 2700 25.1984583333 75.595375 100.793833333 3540.68433722
BB user1 38 2700 25.1984583333 50.3969166667 75.595375 3608.4558925
BB user1 39 2700 25.1984583333 25.1984583333 50.3969166667 3676.22744779
BB user1 40 2700 25.1984583333 0 25.1984583333 3743.99900307
BB user2 1 2000 25.1984583333 2318.25816667 2343.456625 2371.09148409
BB user2 2 2000 25.1984583333 2267.86125 2293.05970833 2348.3294265
BB user2 3 2000 25.1984583333 2242.66279167 2267.86125 2350.76582726
BB user2 4 2000 25.1984583333 2217.46433333 2242.66279167 2353.20222801
BB user2 5 2000 25.1984583333 2167.06741667 2192.265875 2330.44017043
BB user2 6 2000 25.1984583333 2141.86895833 2167.06741667 2332.87657118
BB user2 7 2000 25.1984583333 2116.6705 2141.86895833 2335.31297193
BB user2 8 2000 25.1984583333 2091.47204167 2116.6705 2337.74937268
BB user2 9 2000 25.1984583333 2041.075125 2066.27358333 2314.9873151
BB user2 10 2000 25.1984583333 2015.87666667 2041.075125 2317.42371585
BB user2 11 2000 25.1984583333 1990.67820833 2015.87666667 2319.8601166
BB user2 12 2000 25.1984583333 1940.28129167 1965.47975 2297.09805902
BB user2 13 2000 25.1984583333 1915.08283333 1940.28129167 2299.53445977
BB user2 14 2000 25.1984583333 1889.884375 1915.08283333 2301.97086052
BB user2 15 2000 25.1984583333 1864.68591667 1889.884375 2304.40726128
BB user2 16 2000 25.1984583333 1814.289 1839.48745833 2281.64520369
BB user2 17 2000 25.1984583333 1789.09054167 1814.289 2284.08160445
BB user2 18 2000 25.1984583333 1763.89208333 1789.09054167 2286.5180052
BB user2 19 2000 25.1984583333 1713.49516667 1738.693625 2263.75594762
BB user2 20 2000 25.1984583333 1688.29670833 1713.49516667 2266.19234837
BB user2 21 2000 25.1984583333 1663.09825 1688.29670833 2268.62874912
BB user2 22 2000 25.1984583333 1612.70133333 1637.89979167 2245.86669154
BB user2 23 2000 25.1984583333 1587.502875 1612.70133333 2248.30309229
BB user2 24 2000 25.1984583333 1562.30441667 1587.502875 2250.73949304
BB user2 25 2000 25.1984583333 1537.10595833 1562.30441667 2253.17589379
BB user2 26 2000 25.1984583333 1486.70904167 1511.9075 2230.41383621
BB user2 27 2000 25.1984583333 1461.51058333 1486.70904167 2232.85023696
BB user2 28 2000 25.1984583333 1436.312125 1461.51058333 2235.28663772
BB user2 29 2000 25.1984583333 1385.91520833 1411.11366667 2212.52458013
BB user2 30 2000 25.1984583333 1360.71675 1385.91520833 2214.96098089
BB user2 31 2000 25.1984583333 1335.51829167 1360.71675 2217.39738164
BB user2 32 2000 25.1984583333 1285.121375 1310.31983333 2194.63532406
BB user2 33 2000 25.1984583333 1259.92291667 1285.121375 2197.07172481
BB user2 34 2000 25.1984583333 1234.72445833 1259.92291667 2199.50812556
BB user2 35 2000 25.1984583333 1209.526 1234.72445833 2201.94452631
BB user2 36 2000 25.1984583333 1159.12908333 1184.32754167 2179.18246873
BB user2 37 2000 25.1984583333 1133.930625 1159.12908333 2181.61886948
BB user2 38 2000 25.1984583333 1108.73216667 1133.930625 2184.05527023
BB user2 39 2000 25.1984583333 1058.33525 1083.53370833 2161.29321265
BB user2 40 2000 25.1984583333 1033.13679167 1058.33525 2163.7296134
BB user2 41 2000 25.1984583333 1007.93833333 1033.13679167 2166.16601416
BB user2 42 2000 25.1984583333 957.541416667 982.739875 2143.40395657
BB user2 43 2000 25.1984583333 932.342958333 957.541416667 2145.84035733
BB user2 44 2000 25.1984583333 907.1445 932.342958333 2148.27675808
BB user2 45 2000 25.1984583333 881.946041667 907.1445 2150.71315883
BB user2 46 2000 25.1984583333 831.549125 856.747583333 2127.95110125
BB user2 47 2000 25.1984583333 806.350666667 831.549125 2130.387502
BB user2 48 2000 25.1984583333 781.152208333 806.350666667 2132.82390275
BB user2 49 2000 25.1984583333 730.755291667 755.95375 2110.06184517
BB user2 50 2000 25.1984583333 705.556833333 730.755291667 2112.49824592
BB user2 51 2000 25.1984583333 680.358375 705.556833333 2114.93464667
BB user2 52 2000 25.1984583333 655.159916667 680.358375 2117.37104742
BB user2 53 2000 25.1984583333 604.763 629.961458333 2094.60898984
BB user2 54 2000 25.1984583333 579.564541667 604.763 2097.04539059
BB user2 55 2000 25.1984583333 554.366083333 579.564541667 2099.48179135
BB user2 56 2000 25.1984583333 503.969166667 529.167625 2076.71973376
BB user2 57 2000 25.1984583333 478.770708333 503.969166667 2079.15613452
BB user2 58 2000 25.1984583333 453.57225 478.770708333 2081.59253527
BB user2 59 2000 25.1984583333 403.175333333 428.373791667 2058.83047769
BB user2 60 2000 25.1984583333 377.976875 403.175333333 2061.26687844
----------------------------------------------
HH user1 1 2700 13.1005166667 1296.95115 1310.05166667 3922.86751362
HH user1 2 2700 13.1005166667 1283.85063333 1296.95115 3977.53855224
HH user1 3 2700 13.1005166667 1270.75011667 1283.85063333 4032.20959086
HH user1 4 2700 13.1005166667 1061.14185 1074.24236667 3890.37287947
HH user1 5 2700 13.1005166667 799.131516667 812.232033333 3696.13410143
HH user1 6 2700 13.1005166667 550.2217 563.322216667 3514.99584004
HH user1 7 2700 13.1005166667 301.311883333 314.4124 3333.85757866
HH user1 8 2700 13.1005166667 157.2062 170.306716667 3232.32499228
HH user1 9 2700 13.1005166667 170.306716667 183.407233333 3237.60168923
HH user1 10 2700 13.1005166667 275.11085 288.211366667 3309.38354452
HH user1 11 2700 13.1005166667 340.613433333 353.71395 3367.06230814
HH user1 12 2700 13.1005166667 458.518083333 471.6186 3451.94468009
HH user1 13 2700 13.1005166667 471.6186 484.719116667 3457.22137704
HH user1 14 2700 13.1005166667 510.92015 524.020666667 3488.69910732
HH user1 15 2700 13.1005166667 628.8248 641.925316667 3573.58147928
HH user1 16 2700 13.1005166667 668.12635 681.226866667 3605.05920956
HH user1 17 2700 13.1005166667 694.327383333 707.4279 3623.43642318
HH user1 18 2700 13.1005166667 812.232033333 825.33255 3708.31879513
HH user1 19 2700 13.1005166667 851.533583333 864.6341 3739.79652542
HH user1 20 2700 13.1005166667 864.6341 877.734616667 3745.07322237
HH user1 21 2700 13.1005166667 982.53875 995.639266667 3829.95559432
HH user1 22 2700 13.1005166667 1034.94081667 1048.04133333 3874.53384127
HH user1 23 2700 13.1005166667 1165.94598333 1179.0465 3972.51672989
HH user1 24 2700 13.1005166667 1179.0465 1192.14701667 3977.79342684
HH user1 25 2700 13.1005166667 1218.34805 1231.44856667 4009.27115713
HH user1 26 2700 13.1005166667 1139.74495 1152.84546667 3948.04269575
HH user1 27 2700 13.1005166667 903.93565 917.036166667 3780.00495103
HH user1 28 2700 13.1005166667 641.925316667 655.025833333 3585.76617298
HH user1 29 2700 13.1005166667 393.0155 406.116016667 3404.6279116
HH user1 30 2700 13.1005166667 144.105683333 157.2062 3223.48965022
HH user1 31 2700 13.1005166667 117.90465 131.005166667 3265.06017217
HH user1 32 2700 13.1005166667 104.804133333 117.90465 3319.73121079
HH user1 33 2700 13.1005166667 91.7036166667 104.804133333 3374.40224941
HH user1 34 2700 13.1005166667 78.6031 91.7036166667 3429.07328803
HH user1 35 2700 13.1005166667 65.5025833333 78.6031 3483.74432665
HH user1 36 2700 13.1005166667 52.4020666667 65.5025833333 3538.41536526
HH user1 37 2700 13.1005166667 39.30155 52.4020666667 3593.08640388
HH user1 38 2700 13.1005166667 26.2010333333 39.30155 3647.7574425
HH user1 39 2700 13.1005166667 13.1005166667 26.2010333333 3702.42848112
HH user1 40 2700 13.1005166667 0 13.1005166667 3757.09951974
HH user2 1 2000 13.1005166667 131.005166667 144.105683333 2515.19716742
HH user2 2 2000 13.1005166667 209.608266667 222.708783333 2571.03820984
HH user2 3 2000 13.1005166667 196.50775 209.608266667 2560.37409392
HH user2 4 2000 13.1005166667 183.407233333 196.50775 2549.70997801
HH user2 5 2000 13.1005166667 262.010333333 275.11085 2605.55102043
HH user2 6 2000 13.1005166667 248.909816667 262.010333333 2594.88690451
HH user2 7 2000 13.1005166667 235.8093 248.909816667 2584.2227886
HH user2 8 2000 13.1005166667 222.708783333 235.8093 2573.55867268
HH user2 9 2000 13.1005166667 327.512916667 340.613433333 2655.60074843
HH user2 10 2000 13.1005166667 314.4124 327.512916667 2644.93663252
HH user2 11 2000 13.1005166667 288.211366667 301.311883333 2621.17199994
HH user2 12 2000 13.1005166667 406.116016667 419.216533333 2716.31459235
HH user2 13 2000 13.1005166667 379.914983333 393.0155 2692.54995977
HH user2 14 2000 13.1005166667 366.814466667 379.914983333 2681.88584386
HH user2 15 2000 13.1005166667 353.71395 366.814466667 2671.22172794
HH user2 16 2000 13.1005166667 445.417566667 458.518083333 2740.16328703
HH user2 17 2000 13.1005166667 432.31705 445.417566667 2729.49917111
HH user2 18 2000 13.1005166667 419.216533333 432.31705 2718.8350552
HH user2 19 2000 13.1005166667 524.020666667 537.121183333 2800.87713095
HH user2 20 2000 13.1005166667 497.819633333 510.92015 2777.11249837
HH user2 21 2000 13.1005166667 484.719116667 497.819633333 2766.44838245
HH user2 22 2000 13.1005166667 589.52325 602.623766667 2848.49045821
HH user2 23 2000 13.1005166667 576.422733333 589.52325 2837.82634229
HH user2 24 2000 13.1005166667 563.322216667 576.422733333 2827.16222638
HH user2 25 2000 13.1005166667 537.121183333 550.2217 2803.39759379
HH user2 26 2000 13.1005166667 655.025833333 668.12635 2898.54018621
HH user2 27 2000 13.1005166667 615.724283333 628.8248 2861.67503696
HH user2 28 2000 13.1005166667 602.623766667 615.724283333 2851.01092105
HH user2 29 2000 13.1005166667 720.528416667 733.628933333 2946.15351347
HH user2 30 2000 13.1005166667 707.4279 720.528416667 2935.48939755
HH user2 31 2000 13.1005166667 681.226866667 694.327383333 2911.72476497
HH user2 32 2000 13.1005166667 772.930483333 786.031 2980.66632406
HH user2 33 2000 13.1005166667 759.829966667 772.930483333 2970.00220814
HH user2 34 2000 13.1005166667 746.72945 759.829966667 2959.33809223
HH user2 35 2000 13.1005166667 733.628933333 746.72945 2948.67397631
HH user2 36 2000 13.1005166667 838.433066667 851.533583333 3030.71605206
HH user2 37 2000 13.1005166667 825.33255 838.433066667 3020.05193615
HH user2 38 2000 13.1005166667 786.031 799.131516667 2983.1867869
HH user2 39 2000 13.1005166667 917.036166667 930.136683333 3091.42989598
HH user2 40 2000 13.1005166667 890.835133333 903.93565 3067.6652634
HH user2 41 2000 13.1005166667 877.734616667 890.835133333 3057.00114749
HH user2 42 2000 13.1005166667 969.438233333 982.53875 3125.94270657
HH user2 43 2000 13.1005166667 956.337716667 969.438233333 3115.27859066
HH user2 44 2000 13.1005166667 943.2372 956.337716667 3104.61447474
HH user2 45 2000 13.1005166667 930.136683333 943.2372 3093.95035883
HH user2 46 2000 13.1005166667 1021.8403 1034.94081667 3162.89191791
HH user2 47 2000 13.1005166667 1008.73978333 1021.8403 3152.227802
HH user2 48 2000 13.1005166667 995.639266667 1008.73978333 3141.56368608
HH user2 49 2000 13.1005166667 1100.4434 1113.54391667 3223.60576184
HH user2 50 2000 13.1005166667 1087.34288333 1100.4434 3212.94164592
HH user2 51 2000 13.1005166667 1074.24236667 1087.34288333 3202.27753001
HH user2 52 2000 13.1005166667 1048.04133333 1061.14185 3178.51289742
HH user2 53 2000 13.1005166667 1152.84546667 1165.94598333 3260.55497318
HH user2 54 2000 13.1005166667 1126.64443333 1139.74495 3236.79034059
HH user2 55 2000 13.1005166667 1113.54391667 1126.64443333 3226.12622468
HH user2 56 2000 13.1005166667 1231.44856667 1244.54908333 3321.2688171
HH user2 57 2000 13.1005166667 1205.24753333 1218.34805 3297.50418452
HH user2 58 2000 13.1005166667 1192.14701667 1205.24753333 3286.8400686
HH user2 59 2000 13.1005166667 1257.6496 1270.75011667 3329.58059435
HH user2 60 2000 13.1005166667 1244.54908333 1257.6496 3318.91647844
HH user3 1 2000 13.1005166667 1310.05166667 1323.15218333 1323.15218333
HH user3 2 2000 13.1005166667 1323.15218333 1336.2527 1336.2527
HH user3 3 2000 13.1005166667 1336.2527 1349.35321667 1349.35321667
HH user3 4 2000 13.1005166667 1349.35321667 1362.45373333 1362.45373333
HH user3 5 2000 13.1005166667 1362.45373333 1375.55425 1375.55425
HH user3 6 2000 13.1005166667 1375.55425 1388.65476667 1388.65476667
HH user3 7 2000 13.1005166667 1388.65476667 1401.75528333 1401.75528333
HH user3 8 2000 13.1005166667 1401.75528333 1414.8558 1414.8558
HH user3 9 2000 13.1005166667 1414.8558 1427.95631667 1427.95631667
HH user3 10 2000 13.1005166667 1427.95631667 1441.05683333 1441.05683333
HH user3 11 2000 13.1005166667 1441.05683333 1454.15735 1454.15735
HH user3 12 2000 13.1005166667 1454.15735 1467.25786667 1467.25786667
HH user3 13 2000 13.1005166667 1467.25786667 1480.35838333 1480.35838333
HH user3 14 2000 13.1005166667 1480.35838333 1493.4589 1493.4589
HH user3 15 2000 13.1005166667 1493.4589 1506.55941667 1506.55941667
HH user3 16 2000 13.1005166667 1506.55941667 1519.65993333 1519.65993333
HH user3 17 2000 13.1005166667 1519.65993333 1532.76045 1532.76045
HH user3 18 2000 13.1005166667 1532.76045 1545.86096667 1545.86096667
HH user3 19 2000 13.1005166667 1545.86096667 1558.96148333 1558.96148333
HH user3 20 2000 13.1005166667 1558.96148333 1572.062 1572.062
HH user3 21 2000 13.1005166667 1572.062 1585.16251667 1585.16251667
HH user3 22 2000 13.1005166667 1585.16251667 1598.26303333 1598.26303333
HH user3 23 2000 13.1005166667 1598.26303333 1611.36355 1611.36355
HH user3 24 2000 13.1005166667 1611.36355 1624.46406667 1624.46406667
HH user3 25 2000 13.1005166667 1624.46406667 1637.56458333 1637.56458333
HH user3 26 2000 13.1005166667 1637.56458333 1650.6651 1650.6651
HH user3 27 2000 13.1005166667 1650.6651 1663.76561667 1663.76561667
HH user3 28 2000 13.1005166667 1663.76561667 1676.86613333 1676.86613333
HH user3 29 2000 13.1005166667 1676.86613333 1689.96665 1689.96665
HH user3 30 2000 13.1005166667 1689.96665 1703.06716667 1703.06716667
HH user3 31 2000 13.1005166667 1703.06716667 1716.16768333 1716.16768333
HH user3 32 2000 13.1005166667 1716.16768333 1729.2682 1729.2682
HH user3 33 2000 13.1005166667 1729.2682 1742.36871667 1742.36871667
HH user3 34 2000 13.1005166667 1742.36871667 1755.46923333 1755.46923333
HH user3 35 2000 13.1005166667 1755.46923333 1768.56975 1768.56975
----------------------------------------------
II user2 1 2000 335.166666667 19774.8333333 20110.0 22625.1971674
II user2 2 2000 335.166666667 18769.3333333 19104.5 21675.5382098
II user2 3 2000 335.166666667 19104.5 19439.6666667 22000.0407606
II user2 4 2000 335.166666667 19439.6666667 19774.8333333 22324.5433113
II user2 5 2000 335.166666667 17428.6666667 17763.8333333 20369.3843538
II user2 6 2000 335.166666667 17763.8333333 18099.0 20693.8869045
II user2 7 2000 335.166666667 18099.0 18434.1666667 21018.3894553
II user2 8 2000 335.166666667 18434.1666667 18769.3333333 21342.892006
II user2 9 2000 335.166666667 16423.1666667 16758.3333333 19413.9340818
II user2 10 2000 335.166666667 16758.3333333 17093.5 19738.4366325
II user2 11 2000 335.166666667 17093.5 17428.6666667 20049.8386666
II user2 12 2000 335.166666667 15082.5 15417.6666667 18133.981259
II user2 13 2000 335.166666667 15417.6666667 15752.8333333 18445.3832931
II user2 14 2000 335.166666667 15752.8333333 16088.0 18769.8858439
II user2 15 2000 335.166666667 16088.0 16423.1666667 19094.3883946
II user2 16 2000 335.166666667 14077.0 14412.1666667 17152.3299537
II user2 17 2000 335.166666667 14412.1666667 14747.3333333 17476.8325044
II user2 18 2000 335.166666667 14747.3333333 15082.5 17801.3350552
II user2 19 2000 335.166666667 13071.5 13406.6666667 16207.5437976
II user2 20 2000 335.166666667 13406.6666667 13741.8333333 16518.9458317
II user2 21 2000 335.166666667 13741.8333333 14077.0 16843.4483825
II user2 22 2000 335.166666667 11730.8333333 12066.0 14914.4904582
II user2 23 2000 335.166666667 12066.0 12401.1666667 15238.993009
II user2 24 2000 335.166666667 12401.1666667 12736.3333333 15563.4955597
II user2 25 2000 335.166666667 12736.3333333 13071.5 15874.8975938
II user2 26 2000 335.166666667 10725.3333333 11060.5 13959.0401862
II user2 27 2000 335.166666667 11060.5 11395.6666667 14257.3417036
II user2 28 2000 335.166666667 11395.6666667 11730.8333333 14581.8442544
II user2 29 2000 335.166666667 9719.83333333 10055.0 13001.1535135
II user2 30 2000 335.166666667 10055.0 10390.1666667 13325.6560642
II user2 31 2000 335.166666667 10390.1666667 10725.3333333 13637.0580983
II user2 32 2000 335.166666667 8379.16666667 8714.33333333 11694.9996574
II user2 33 2000 335.166666667 8714.33333333 9049.5 12019.5022081
II user2 34 2000 335.166666667 9049.5 9384.66666667 12344.0047589
II user2 35 2000 335.166666667 9384.66666667 9719.83333333 12668.5073096
II user2 36 2000 335.166666667 7373.66666667 7708.83333333 10739.5493854
II user2 37 2000 335.166666667 7708.83333333 8044.0 11064.0519361
II user2 38 2000 335.166666667 8044.0 8379.16666667 11362.3534536
II user2 39 2000 335.166666667 6368.16666667 6703.33333333 9794.76322932
II user2 40 2000 335.166666667 6703.33333333 7038.5 10106.1652634
II user2 41 2000 335.166666667 7038.5 7373.66666667 10430.6678142
II user2 42 2000 335.166666667 5027.5 5362.66666667 8488.60937324
II user2 43 2000 335.166666667 5362.66666667 5697.83333333 8813.11192399
II user2 44 2000 335.166666667 5697.83333333 6033.0 9137.61447474
II user2 45 2000 335.166666667 6033.0 6368.16666667 9462.1170255
II user2 46 2000 335.166666667 4022.0 4357.16666667 7520.05858458
II user2 47 2000 335.166666667 4357.16666667 4692.33333333 7844.56113533
II user2 48 2000 335.166666667 4692.33333333 5027.5 8169.06368608
II user2 49 2000 335.166666667 2681.33333333 3016.5 6240.10576184
II user2 50 2000 335.166666667 3016.5 3351.66666667 6564.60831259
II user2 51 2000 335.166666667 3351.66666667 3686.83333333 6889.11086334
II user2 52 2000 335.166666667 3686.83333333 4022.0 7200.51289742
II user2 53 2000 335.166666667 1675.83333333 2011.0 5271.55497318
II user2 54 2000 335.166666667 2011.0 2346.16666667 5582.95700726
II user2 55 2000 335.166666667 2346.16666667 2681.33333333 5907.45955801
II user2 56 2000 335.166666667 335.166666667 670.333333333 3991.60215043
II user2 57 2000 335.166666667 1005.5 1340.66666667 4638.17085118
II user2 58 2000 335.166666667 1340.66666667 1675.83333333 4962.67340193
II user2 59 2000 335.166666667 0 335.166666667 3664.74726102
II user2 60 2000 335.166666667 670.333333333 1005.5 4324.41647844
II user3 1 2000 335.166666667 31505.6666667 31840.8333333 33163.9855167
II user3 2 2000 335.166666667 31170.5 31505.6666667 32841.9193667
II user3 3 2000 335.166666667 30835.3333333 31170.5 32519.8532167
II user3 4 2000 335.166666667 30500.1666667 30835.3333333 32197.7870667
II user3 5 2000 335.166666667 30165.0 30500.1666667 31875.7209167
II user3 6 2000 335.166666667 29829.8333333 30165.0 31553.6547667
II user3 7 2000 335.166666667 29494.6666667 29829.8333333 31231.5886167
II user3 8 2000 335.166666667 29159.5 29494.6666667 30909.5224667
II user3 9 2000 335.166666667 28824.3333333 29159.5 30587.4563167
II user3 10 2000 335.166666667 28489.1666667 28824.3333333 30265.3901667
II user3 11 2000 335.166666667 28154.0 28489.1666667 29943.3240167
II user3 12 2000 335.166666667 27818.8333333 28154.0 29621.2578667
II user3 13 2000 335.166666667 27483.6666667 27818.8333333 29299.1917167
II user3 14 2000 335.166666667 27148.5 27483.6666667 28977.1255667
II user3 15 2000 335.166666667 26813.3333333 27148.5 28655.0594167
II user3 16 2000 335.166666667 26478.1666667 26813.3333333 28332.9932667
II user3 17 2000 335.166666667 26143.0 26478.1666667 28010.9271167
II user3 18 2000 335.166666667 25807.8333333 26143.0 27688.8609667
II user3 19 2000 335.166666667 25472.6666667 25807.8333333 27366.7948167
II user3 20 2000 335.166666667 25137.5 25472.6666667 27044.7286667
II user3 21 2000 335.166666667 24802.3333333 25137.5 26722.6625167
II user3 22 2000 335.166666667 24467.1666667 24802.3333333 26400.5963667
II user3 23 2000 335.166666667 24132.0 24467.1666667 26078.5302167
II user3 24 2000 335.166666667 23796.8333333 24132.0 25756.4640667
II user3 25 2000 335.166666667 23461.6666667 23796.8333333 25434.3979167
II user3 26 2000 335.166666667 23126.5 23461.6666667 25112.3317667
II user3 27 2000 335.166666667 22791.3333333 23126.5 24790.2656167
II user3 28 2000 335.166666667 22456.1666667 22791.3333333 24468.1994667
II user3 29 2000 335.166666667 22121.0 22456.1666667 24146.1333167
II user3 30 2000 335.166666667 21785.8333333 22121.0 23824.0671667
II user3 31 2000 335.166666667 21450.6666667 21785.8333333 23502.0010167
II user3 32 2000 335.166666667 21115.5 21450.6666667 23179.9348667
II user3 33 2000 335.166666667 20780.3333333 21115.5 22857.8687167
II user3 34 2000 335.166666667 20445.1666667 20780.3333333 22535.8025667
II user3 35 2000 335.166666667 20110.0 20445.1666667 22213.7364167
