----------------------------------------------
PP
----------------------------------------------
DD
----------------------------------------------
BB
----------------------------------------------
HH
----------------------------------------------
II
----------------------------------------------
PP user1 1 2700 1334.73134041 0 1334.73134041 1334.73134041
PP user1 2 2700 1334.73134041 0 1334.73134041 1334.73134041
PP user1 3 2700 1334.73134041 0 1334.73134041 1334.73134041
PP user1 4 2700 1334.73134041 0 1334.73134041 1334.73134041
PP user1 5 2700 1334.73134041 0 1334.73134041 1334.73134041
PP user1 6 2700 1334.73134041 0 1334.73134041 1334.73134041
PP user1 7 2700 1334.73134041 0 1334.73134041 1334.73134041
PP user1 8 2700 1334.73134041 0 1334.73134041 1334.73134041
PP user1 9 2700 1334.73134041 0 1334.73134041 1334.73134041
PP user1 10 2700 1334.73134041 0 1334.73134041 1334.73134041
PP user1 11 2700 1334.73134041 0 1334.73134041 1334.73134041
PP user1 12 2700 1334.73134041 0 1334.73134041 1334.73134041
PP user1 13 2700 1334.73134041 0 1334.73134041 1334.73134041
PP user1 14 2700 1334.73134041 0 1334.73134041 1334.73134041
PP user1 15 2700 1334.73134041 0 1334.73134041 1334.73134041
PP user1 16 2700 1334.73134041 0 1334.73134041 1334.73134041
PP user1 17 2700 1334.73134041 0 1334.73134041 1334.73134041
PP user1 18 2700 1334.73134041 0 1334.73134041 1334.73134041
PP user1 19 2700 1334.73134041 0 1334.73134041 1334.73134041
PP user1 20 2700 1334.73134041 0 1334.73134041 1334.73134041
PP user1 21 2700 1334.73134041 0 1334.73134041 1334.73134041
PP user1 22 2700 1334.73134041 0 1334.73134041 1334.73134041
PP user1 23 2700 1334.73134041 0 1334.73134041 1334.73134041
PP user1 24 2700 1334.73134041 0 1334.73134041 1334.73134041
PP user1 25 2700 1334.73134041 0 1334.73134041 1334.73134041
PP user1 26 2700 1334.73134041 0 1334.73134041 1334.73134041
PP user1 27 2700 1334.73134041 0 1334.73134041 1334.73134041
PP user1 28 2700 1334.73134041 0 1334.73134041 1334.73134041
PP user1 29 2700 1334.73134041 0 1334.73134041 1334.73134041
PP user1 30 2700 1334.73134041 0 1334.73134041 1334.73134041
PP user1 31 2700 461.187958717 1334.73134041 1795.91929912 1795.91929912
PP user1 32 2700 461.187958717 1334.73134041 1795.91929912 1795.91929912
PP user1 33 2700 461.187958717 1334.73134041 1795.91929912 1795.91929912
PP user1 34 2700 461.187958717 1334.73134041 1795.91929912 1795.91929912
PP user1 35 2700 461.187958717 1334.73134041 1795.91929912 1795.91929912
PP user1 36 2700 461.187958717 1334.73134041 1795.91929912 1795.91929912
PP user1 37 2700 461.187958717 1334.73134041 1795.91929912 1795.91929912
PP user1 38 2700 461.187958717 1334.73134041 1795.91929912 1795.91929912
PP user1 39 2700 461.187958717 1334.73134041 1795.91929912 1795.91929912
PP user1 40 2700 461.187958717 1334.73134041 1795.91929912 1795.91929912
----------------------------------------------
DD user2 1 2000 150.046467781 0 150.046467781 150.046467781
DD user2 2 2000 150.046467781 0 150.046467781 150.046467781
DD user2 3 2000 150.046467781 0 150.046467781 150.046467781
DD user2 4 2000 150.046467781 0 150.046467781 150.046467781
DD user2 5 2000 150.046467781 0 150.046467781 150.046467781
DD user2 6 2000 150.046467781 0 150.046467781 150.046467781
DD user2 7 2000 150.046467781 0 150.046467781 150.046467781
DD user2 8 2000 150.046467781 0 150.046467781 150.046467781
DD user2 9 2000 150.046467781 0 150.046467781 150.046467781
DD user2 10 2000 150.046467781 0 150.046467781 150.046467781
DD user2 11 2000 150.046467781 0 150.046467781 150.046467781
DD user2 12 2000 150.046467781 0 150.046467781 150.046467781
DD user2 13 2000 150.046467781 0 150.046467781 150.046467781
DD user2 14 2000 150.046467781 0 150.046467781 150.046467781
DD user2 15 2000 150.046467781 0 150.046467781 150.046467781
DD user2 16 2000 150.046467781 0 150.046467781 150.046467781
DD user2 17 2000 150.046467781 0 150.046467781 150.046467781
DD user2 18 2000 150.046467781 0 150.046467781 150.046467781
DD user2 19 2000 150.046467781 0 150.046467781 150.046467781
DD user2 20 2000 150.046467781 0 150.046467781 150.046467781
DD user2 21 2000 150.046467781 0 150.046467781 150.046467781
DD user2 22 2000 150.046467781 0 150.046467781 150.046467781
DD user2 23 2000 150.046467781 0 150.046467781 150.046467781
DD user2 24 2000 150.046467781 0 150.046467781 150.046467781
DD user2 25 2000 150.046467781 0 150.046467781 150.046467781
DD user2 26 2000 150.046467781 0 150.046467781 150.046467781
DD user2 27 2000 150.046467781 0 150.046467781 150.046467781
DD user2 28 2000 150.046467781 0 150.046467781 150.046467781
DD user2 29 2000 150.046467781 0 150.046467781 150.046467781
DD user2 30 2000 150.046467781 0 150.046467781 150.046467781
DD user2 31 2000 150.046467781 150.046467781 300.092935562 300.092935562
DD user2 32 2000 150.046467781 150.046467781 300.092935562 300.092935562
DD user2 33 2000 150.046467781 150.046467781 300.092935562 300.092935562
DD user2 34 2000 150.046467781 150.046467781 300.092935562 300.092935562
DD user2 35 2000 150.046467781 150.046467781 300.092935562 300.092935562
DD user2 36 2000 150.046467781 150.046467781 300.092935562 300.092935562
DD user2 37 2000 150.046467781 150.046467781 300.092935562 300.092935562
DD user2 38 2000 150.046467781 150.046467781 300.092935562 300.092935562
DD user2 39 2000 150.046467781 150.046467781 300.092935562 300.092935562
DD user2 40 2000 150.046467781 150.046467781 300.092935562 300.092935562
DD user2 41 2000 150.046467781 150.046467781 300.092935562 300.092935562
DD user2 42 2000 150.046467781 150.046467781 300.092935562 300.092935562
DD user2 43 2000 150.046467781 150.046467781 300.092935562 300.092935562
DD user2 44 2000 150.046467781 150.046467781 300.092935562 300.092935562
DD user2 45 2000 150.046467781 150.046467781 300.092935562 300.092935562
DD user2 46 2000 150.046467781 150.046467781 300.092935562 300.092935562
DD user2 47 2000 150.046467781 150.046467781 300.092935562 300.092935562
DD user2 48 2000 150.046467781 150.046467781 300.092935562 300.092935562
DD user2 49 2000 150.046467781 150.046467781 300.092935562 300.092935562
DD user2 50 2000 150.046467781 150.046467781 300.092935562 300.092935562
DD user2 51 2000 150.046467781 150.046467781 300.092935562 300.092935562
DD user2 52 2000 150.046467781 150.046467781 300.092935562 300.092935562
DD user2 53 2000 150.046467781 150.046467781 300.092935562 300.092935562
DD user2 54 2000 150.046467781 150.046467781 300.092935562 300.092935562
DD user2 55 2000 150.046467781 150.046467781 300.092935562 300.092935562
DD user2 56 2000 150.046467781 150.046467781 300.092935562 300.092935562
DD user2 57 2000 150.046467781 150.046467781 300.092935562 300.092935562
DD user2 58 2000 150.046467781 150.046467781 300.092935562 300.092935562
DD user2 59 2000 150.046467781 150.046467781 300.092935562 300.092935562
DD user2 60 2000 150.046467781 150.046467781 300.092935562 300.092935562
----------------------------------------------
BB user1 1 2700 224.235416667 0 224.235416667 1558.96675707
BB user1 2 2700 224.235416667 0 224.235416667 1558.96675707
BB user1 3 2700 224.235416667 0 224.235416667 1558.96675707
BB user1 4 2700 224.235416667 0 224.235416667 1558.96675707
BB user1 5 2700 224.235416667 0 224.235416667 1558.96675707
BB user1 6 2700 224.235416667 0 224.235416667 1558.96675707
BB user1 7 2700 224.235416667 0 224.235416667 1558.96675707
BB user1 8 2700 224.235416667 0 224.235416667 1558.96675707
BB user1 9 2700 224.235416667 0 224.235416667 1558.96675707
BB user1 10 2700 224.235416667 0 224.235416667 1558.96675707
BB user1 11 2700 224.235416667 0 224.235416667 1558.96675707
BB user1 12 2700 224.235416667 0 224.235416667 1558.96675707
BB user1 13 2700 224.235416667 0 224.235416667 1558.96675707
BB user1 14 2700 224.235416667 0 224.235416667 1558.96675707
BB user1 15 2700 224.235416667 0 224.235416667 1558.96675707
BB user1 16 2700 224.235416667 0 224.235416667 1558.96675707
BB user1 17 2700 224.235416667 0 224.235416667 1558.96675707
BB user1 18 2700 224.235416667 0 224.235416667 1558.96675707
BB user1 19 2700 224.235416667 0 224.235416667 1558.96675707
BB user1 20 2700 224.235416667 0 224.235416667 1558.96675707
BB user1 21 2700 224.235416667 224.235416667 448.470833333 1783.20217374
BB user1 22 2700 224.235416667 224.235416667 448.470833333 1783.20217374
BB user1 23 2700 224.235416667 224.235416667 448.470833333 1783.20217374
BB user1 24 2700 224.235416667 224.235416667 448.470833333 1783.20217374
BB user1 25 2700 224.235416667 224.235416667 448.470833333 1783.20217374
BB user1 26 2700 224.235416667 224.235416667 448.470833333 1783.20217374
BB user1 27 2700 224.235416667 224.235416667 448.470833333 1783.20217374
BB user1 28 2700 224.235416667 224.235416667 448.470833333 1783.20217374
BB user1 29 2700 224.235416667 224.235416667 448.470833333 1783.20217374
BB user1 30 2700 224.235416667 224.235416667 448.470833333 1783.20217374
BB user1 31 2700 224.235416667 0 224.235416667 2020.15471579
BB user1 32 2700 224.235416667 0 224.235416667 2020.15471579
BB user1 33 2700 224.235416667 0 224.235416667 2020.15471579
BB user1 34 2700 224.235416667 0 224.235416667 2020.15471579
BB user1 35 2700 224.235416667 0 224.235416667 2020.15471579
BB user1 36 2700 224.235416667 0 224.235416667 2020.15471579
BB user1 37 2700 224.235416667 0 224.235416667 2020.15471579
BB user1 38 2700 224.235416667 0 224.235416667 2020.15471579
BB user1 39 2700 224.235416667 0 224.235416667 2020.15471579
BB user1 40 2700 224.235416667 0 224.235416667 2020.15471579
BB user2 1 2000 224.235416667 448.470833333 672.70625 822.752717781
BB user2 2 2000 224.235416667 448.470833333 672.70625 822.752717781
BB user2 3 2000 224.235416667 448.470833333 672.70625 822.752717781
BB user2 4 2000 224.235416667 448.470833333 672.70625 822.752717781
BB user2 5 2000 224.235416667 448.470833333 672.70625 822.752717781
BB user2 6 2000 224.235416667 448.470833333 672.70625 822.752717781
BB user2 7 2000 224.235416667 448.470833333 672.70625 822.752717781
BB user2 8 2000 224.235416667 448.470833333 672.70625 822.752717781
BB user2 9 2000 224.235416667 448.470833333 672.70625 822.752717781
BB user2 10 2000 224.235416667 448.470833333 672.70625 822.752717781
BB user2 11 2000 224.235416667 448.470833333 672.70625 822.752717781
BB user2 12 2000 224.235416667 448.470833333 672.70625 822.752717781
BB user2 13 2000 224.235416667 448.470833333 672.70625 822.752717781
BB user2 14 2000 224.235416667 448.470833333 672.70625 822.752717781
BB user2 15 2000 224.235416667 448.470833333 672.70625 822.752717781
BB user2 16 2000 224.235416667 448.470833333 672.70625 822.752717781
BB user2 17 2000 224.235416667 448.470833333 672.70625 822.752717781
BB user2 18 2000 224.235416667 448.470833333 672.70625 822.752717781
BB user2 19 2000 224.235416667 448.470833333 672.70625 822.752717781
BB user2 20 2000 224.235416667 448.470833333 672.70625 822.752717781
BB user2 21 2000 103.341541667 672.70625 776.047791667 926.094259448
BB user2 22 2000 103.341541667 672.70625 776.047791667 926.094259448
BB user2 23 2000 103.341541667 672.70625 776.047791667 926.094259448
BB user2 24 2000 103.341541667 672.70625 776.047791667 926.094259448
BB user2 25 2000 103.341541667 672.70625 776.047791667 926.094259448
BB user2 26 2000 103.341541667 672.70625 776.047791667 926.094259448
BB user2 27 2000 103.341541667 672.70625 776.047791667 926.094259448
BB user2 28 2000 103.341541667 672.70625 776.047791667 926.094259448
BB user2 29 2000 103.341541667 672.70625 776.047791667 926.094259448
BB user2 30 2000 103.341541667 672.70625 776.047791667 926.094259448
BB user2 31 2000 224.235416667 224.235416667 448.470833333 748.563768895
BB user2 32 2000 224.235416667 224.235416667 448.470833333 748.563768895
BB user2 33 2000 224.235416667 224.235416667 448.470833333 748.563768895
BB user2 34 2000 224.235416667 224.235416667 448.470833333 748.563768895
BB user2 35 2000 224.235416667 224.235416667 448.470833333 748.563768895
BB user2 36 2000 224.235416667 224.235416667 448.470833333 748.563768895
BB user2 37 2000 224.235416667 224.235416667 448.470833333 748.563768895
BB user2 38 2000 224.235416667 224.235416667 448.470833333 748.563768895
BB user2 39 2000 224.235416667 224.235416667 448.470833333 748.563768895
BB user2 40 2000 224.235416667 224.235416667 448.470833333 748.563768895
BB user2 41 2000 224.235416667 224.235416667 448.470833333 748.563768895
BB user2 42 2000 224.235416667 224.235416667 448.470833333 748.563768895
BB user2 43 2000 224.235416667 224.235416667 448.470833333 748.563768895
BB user2 44 2000 224.235416667 224.235416667 448.470833333 748.563768895
BB user2 45 2000 224.235416667 224.235416667 448.470833333 748.563768895
BB user2 46 2000 224.235416667 224.235416667 448.470833333 748.563768895
BB user2 47 2000 224.235416667 224.235416667 448.470833333 748.563768895
BB user2 48 2000 224.235416667 224.235416667 448.470833333 748.563768895
BB user2 49 2000 224.235416667 224.235416667 448.470833333 748.563768895
BB user2 50 2000 224.235416667 224.235416667 448.470833333 748.563768895
BB user2 51 2000 224.235416667 448.470833333 672.70625 972.799185562
BB user2 52 2000 224.235416667 448.470833333 672.70625 972.799185562
BB user2 53 2000 224.235416667 448.470833333 672.70625 972.799185562
BB user2 54 2000 224.235416667 448.470833333 672.70625 972.799185562
BB user2 55 2000 224.235416667 448.470833333 672.70625 972.799185562
BB user2 56 2000 224.235416667 448.470833333 672.70625 972.799185562
BB user2 57 2000 224.235416667 448.470833333 672.70625 972.799185562
BB user2 58 2000 224.235416667 448.470833333 672.70625 972.799185562
BB user2 59 2000 224.235416667 448.470833333 672.70625 972.799185562
BB user2 60 2000 224.235416667 448.470833333 672.70625 972.799185562
----------------------------------------------
HH user1 1 2700 83.8139833333 83.8139833333 167.627966667 1726.59472374
HH user1 2 2700 83.8139833333 83.8139833333 167.627966667 1726.59472374
HH user1 3 2700 83.8139833333 83.8139833333 167.627966667 1726.59472374
HH user1 4 2700 83.8139833333 83.8139833333 167.627966667 1726.59472374
HH user1 5 2700 83.8139833333 83.8139833333 167.627966667 1726.59472374
HH user1 6 2700 83.8139833333 83.8139833333 167.627966667 1726.59472374
HH user1 7 2700 83.8139833333 83.8139833333 167.627966667 1726.59472374
HH user1 8 2700 83.8139833333 83.8139833333 167.627966667 1726.59472374
HH user1 9 2700 83.8139833333 83.8139833333 167.627966667 1726.59472374
HH user1 10 2700 83.8139833333 83.8139833333 167.627966667 1726.59472374
HH user1 11 2700 83.8139833333 83.8139833333 167.627966667 1726.59472374
HH user1 12 2700 83.8139833333 83.8139833333 167.627966667 1726.59472374
HH user1 13 2700 83.8139833333 83.8139833333 167.627966667 1726.59472374
HH user1 14 2700 83.8139833333 83.8139833333 167.627966667 1726.59472374
HH user1 15 2700 83.8139833333 83.8139833333 167.627966667 1726.59472374
HH user1 16 2700 83.8139833333 83.8139833333 167.627966667 1726.59472374
HH user1 17 2700 83.8139833333 83.8139833333 167.627966667 1726.59472374
HH user1 18 2700 83.8139833333 83.8139833333 167.627966667 1726.59472374
HH user1 19 2700 83.8139833333 83.8139833333 167.627966667 1726.59472374
HH user1 20 2700 83.8139833333 83.8139833333 167.627966667 1726.59472374
HH user1 21 2700 83.8139833333 0 83.8139833333 1867.01615707
HH user1 22 2700 83.8139833333 0 83.8139833333 1867.01615707
HH user1 23 2700 83.8139833333 0 83.8139833333 1867.01615707
HH user1 24 2700 83.8139833333 0 83.8139833333 1867.01615707
HH user1 25 2700 83.8139833333 0 83.8139833333 1867.01615707
HH user1 26 2700 83.8139833333 0 83.8139833333 1867.01615707
HH user1 27 2700 83.8139833333 0 83.8139833333 1867.01615707
HH user1 28 2700 83.8139833333 0 83.8139833333 1867.01615707
HH user1 29 2700 83.8139833333 0 83.8139833333 1867.01615707
HH user1 30 2700 83.8139833333 0 83.8139833333 1867.01615707
HH user1 31 2700 83.8139833333 0 83.8139833333 2103.96869912
HH user1 32 2700 83.8139833333 0 83.8139833333 2103.96869912
HH user1 33 2700 83.8139833333 0 83.8139833333 2103.96869912
HH user1 34 2700 83.8139833333 0 83.8139833333 2103.96869912
HH user1 35 2700 83.8139833333 0 83.8139833333 2103.96869912
HH user1 36 2700 83.8139833333 0 83.8139833333 2103.96869912
HH user1 37 2700 83.8139833333 0 83.8139833333 2103.96869912
HH user1 38 2700 83.8139833333 0 83.8139833333 2103.96869912
HH user1 39 2700 83.8139833333 0 83.8139833333 2103.96869912
HH user1 40 2700 83.8139833333 0 83.8139833333 2103.96869912
HH user2 1 2000 83.8139833333 167.627966667 251.44195 1074.19466778
HH user2 2 2000 83.8139833333 167.627966667 251.44195 1074.19466778
HH user2 3 2000 83.8139833333 167.627966667 251.44195 1074.19466778
HH user2 4 2000 83.8139833333 167.627966667 251.44195 1074.19466778
HH user2 5 2000 83.8139833333 167.627966667 251.44195 1074.19466778
HH user2 6 2000 83.8139833333 167.627966667 251.44195 1074.19466778
HH user2 7 2000 83.8139833333 167.627966667 251.44195 1074.19466778
HH user2 8 2000 83.8139833333 167.627966667 251.44195 1074.19466778
HH user2 9 2000 83.8139833333 167.627966667 251.44195 1074.19466778
HH user2 10 2000 83.8139833333 167.627966667 251.44195 1074.19466778
HH user2 11 2000 83.8139833333 167.627966667 251.44195 1074.19466778
HH user2 12 2000 83.8139833333 167.627966667 251.44195 1074.19466778
HH user2 13 2000 83.8139833333 167.627966667 251.44195 1074.19466778
HH user2 14 2000 83.8139833333 167.627966667 251.44195 1074.19466778
HH user2 15 2000 83.8139833333 167.627966667 251.44195 1074.19466778
HH user2 16 2000 83.8139833333 167.627966667 251.44195 1074.19466778
HH user2 17 2000 83.8139833333 167.627966667 251.44195 1074.19466778
HH user2 18 2000 83.8139833333 167.627966667 251.44195 1074.19466778
HH user2 19 2000 83.8139833333 167.627966667 251.44195 1074.19466778
HH user2 20 2000 83.8139833333 167.627966667 251.44195 1074.19466778
HH user2 21 2000 83.8139833333 83.8139833333 167.627966667 1093.72222611
HH user2 22 2000 83.8139833333 83.8139833333 167.627966667 1093.72222611
HH user2 23 2000 83.8139833333 83.8139833333 167.627966667 1093.72222611
HH user2 24 2000 83.8139833333 83.8139833333 167.627966667 1093.72222611
HH user2 25 2000 83.8139833333 83.8139833333 167.627966667 1093.72222611
HH user2 26 2000 83.8139833333 83.8139833333 167.627966667 1093.72222611
HH user2 27 2000 83.8139833333 83.8139833333 167.627966667 1093.72222611
HH user2 28 2000 83.8139833333 83.8139833333 167.627966667 1093.72222611
HH user2 29 2000 83.8139833333 83.8139833333 167.627966667 1093.72222611
HH user2 30 2000 83.8139833333 83.8139833333 167.627966667 1093.72222611
HH user2 31 2000 83.8139833333 167.627966667 251.44195 1000.0057189
HH user2 32 2000 83.8139833333 167.627966667 251.44195 1000.0057189
HH user2 33 2000 83.8139833333 167.627966667 251.44195 1000.0057189
HH user2 34 2000 83.8139833333 167.627966667 251.44195 1000.0057189
HH user2 35 2000 83.8139833333 167.627966667 251.44195 1000.0057189
HH user2 36 2000 83.8139833333 167.627966667 251.44195 1000.0057189
HH user2 37 2000 83.8139833333 167.627966667 251.44195 1000.0057189
HH user2 38 2000 83.8139833333 167.627966667 251.44195 1000.0057189
HH user2 39 2000 83.8139833333 167.627966667 251.44195 1000.0057189
HH user2 40 2000 83.8139833333 167.627966667 251.44195 1000.0057189
HH user2 41 2000 83.8139833333 251.44195 335.255933333 1083.81970223
HH user2 42 2000 83.8139833333 251.44195 335.255933333 1083.81970223
HH user2 43 2000 83.8139833333 251.44195 335.255933333 1083.81970223
HH user2 44 2000 83.8139833333 251.44195 335.255933333 1083.81970223
HH user2 45 2000 83.8139833333 251.44195 335.255933333 1083.81970223
HH user2 46 2000 83.8139833333 251.44195 335.255933333 1083.81970223
HH user2 47 2000 83.8139833333 251.44195 335.255933333 1083.81970223
HH user2 48 2000 83.8139833333 251.44195 335.255933333 1083.81970223
HH user2 49 2000 83.8139833333 251.44195 335.255933333 1083.81970223
HH user2 50 2000 83.8139833333 251.44195 335.255933333 1083.81970223
HH user2 51 2000 83.8139833333 0 83.8139833333 1056.6131689
HH user2 52 2000 83.8139833333 0 83.8139833333 1056.6131689
HH user2 53 2000 83.8139833333 0 83.8139833333 1056.6131689
HH user2 54 2000 83.8139833333 0 83.8139833333 1056.6131689
HH user2 55 2000 83.8139833333 0 83.8139833333 1056.6131689
HH user2 56 2000 83.8139833333 0 83.8139833333 1056.6131689
HH user2 57 2000 83.8139833333 0 83.8139833333 1056.6131689
HH user2 58 2000 83.8139833333 0 83.8139833333 1056.6131689
HH user2 59 2000 83.8139833333 0 83.8139833333 1056.6131689
HH user2 60 2000 83.8139833333 0 83.8139833333 1056.6131689
HH user3 1 2000 83.8139833333 251.44195 335.255933333 335.255933333
HH user3 2 2000 83.8139833333 251.44195 335.255933333 335.255933333
HH user3 3 2000 83.8139833333 251.44195 335.255933333 335.255933333
HH user3 4 2000 83.8139833333 251.44195 335.255933333 335.255933333
HH user3 5 2000 83.8139833333 251.44195 335.255933333 335.255933333
HH user3 6 2000 83.8139833333 251.44195 335.255933333 335.255933333
HH user3 7 2000 83.8139833333 251.44195 335.255933333 335.255933333
HH user3 8 2000 83.8139833333 251.44195 335.255933333 335.255933333
HH user3 9 2000 83.8139833333 251.44195 335.255933333 335.255933333
HH user3 10 2000 83.8139833333 251.44195 335.255933333 335.255933333
HH user3 11 2000 83.8139833333 251.44195 335.255933333 335.255933333
HH user3 12 2000 83.8139833333 251.44195 335.255933333 335.255933333
HH user3 13 2000 83.8139833333 251.44195 335.255933333 335.255933333
HH user3 14 2000 83.8139833333 251.44195 335.255933333 335.255933333
HH user3 15 2000 83.8139833333 251.44195 335.255933333 335.255933333
HH user3 16 2000 83.8139833333 251.44195 335.255933333 335.255933333
HH user3 17 2000 83.8139833333 251.44195 335.255933333 335.255933333
HH user3 18 2000 83.8139833333 251.44195 335.255933333 335.255933333
HH user3 19 2000 83.8139833333 251.44195 335.255933333 335.255933333
HH user3 20 2000 83.8139833333 251.44195 335.255933333 335.255933333
HH user3 21 2000 51.6150833333 335.255933333 386.871016667 386.871016667
HH user3 22 2000 51.6150833333 335.255933333 386.871016667 386.871016667
HH user3 23 2000 51.6150833333 335.255933333 386.871016667 386.871016667
HH user3 24 2000 51.6150833333 335.255933333 386.871016667 386.871016667
HH user3 25 2000 51.6150833333 335.255933333 386.871016667 386.871016667
HH user3 26 2000 51.6150833333 335.255933333 386.871016667 386.871016667
HH user3 27 2000 51.6150833333 335.255933333 386.871016667 386.871016667
HH user3 28 2000 51.6150833333 335.255933333 386.871016667 386.871016667
HH user3 29 2000 51.6150833333 335.255933333 386.871016667 386.871016667
HH user3 30 2000 51.6150833333 335.255933333 386.871016667 386.871016667
HH user3 31 2000 51.6150833333 335.255933333 386.871016667 386.871016667
HH user3 32 2000 51.6150833333 335.255933333 386.871016667 386.871016667
HH user3 33 2000 51.6150833333 335.255933333 386.871016667 386.871016667
HH user3 34 2000 51.6150833333 335.255933333 386.871016667 386.871016667
HH user3 35 2000 51.6150833333 335.255933333 386.871016667 386.871016667
----------------------------------------------
II user2 1 2000 695.833333333 0 695.833333333 1770.02800111
II user2 2 2000 695.833333333 0 695.833333333 1770.02800111
II user2 3 2000 695.833333333 0 695.833333333 1770.02800111
II user2 4 2000 695.833333333 0 695.833333333 1770.02800111
II user2 5 2000 695.833333333 0 695.833333333 1770.02800111
II user2 6 2000 695.833333333 0 695.833333333 1770.02800111
II user2 7 2000 695.833333333 0 695.833333333 1770.02800111
II user2 8 2000 695.833333333 0 695.833333333 1770.02800111
II user2 9 2000 695.833333333 0 695.833333333 1770.02800111
II user2 10 2000 695.833333333 0 695.833333333 1770.02800111
II user2 11 2000 695.833333333 695.833333333 1391.66666667 2465.86133445
II user2 12 2000 695.833333333 695.833333333 1391.66666667 2465.86133445
II user2 13 2000 695.833333333 695.833333333 1391.66666667 2465.86133445
II user2 14 2000 695.833333333 695.833333333 1391.66666667 2465.86133445
II user2 15 2000 695.833333333 695.833333333 1391.66666667 2465.86133445
II user2 16 2000 695.833333333 695.833333333 1391.66666667 2465.86133445
II user2 17 2000 695.833333333 695.833333333 1391.66666667 2465.86133445
II user2 18 2000 695.833333333 695.833333333 1391.66666667 2465.86133445
II user2 19 2000 695.833333333 695.833333333 1391.66666667 2465.86133445
II user2 20 2000 695.833333333 695.833333333 1391.66666667 2465.86133445
II user2 21 2000 695.833333333 0 695.833333333 1789.55555945
II user2 22 2000 695.833333333 0 695.833333333 1789.55555945
II user2 23 2000 695.833333333 0 695.833333333 1789.55555945
II user2 24 2000 695.833333333 0 695.833333333 1789.55555945
II user2 25 2000 695.833333333 0 695.833333333 1789.55555945
II user2 26 2000 695.833333333 0 695.833333333 1789.55555945
II user2 27 2000 695.833333333 0 695.833333333 1789.55555945
II user2 28 2000 695.833333333 0 695.833333333 1789.55555945
II user2 29 2000 695.833333333 0 695.833333333 1789.55555945
II user2 30 2000 695.833333333 0 695.833333333 1789.55555945
II user2 31 2000 695.833333333 695.833333333 1391.66666667 2391.67238556
II user2 32 2000 695.833333333 695.833333333 1391.66666667 2391.67238556
II user2 33 2000 695.833333333 695.833333333 1391.66666667 2391.67238556
II user2 34 2000 695.833333333 695.833333333 1391.66666667 2391.67238556
II user2 35 2000 695.833333333 695.833333333 1391.66666667 2391.67238556
II user2 36 2000 695.833333333 695.833333333 1391.66666667 2391.67238556
II user2 37 2000 695.833333333 695.833333333 1391.66666667 2391.67238556
II user2 38 2000 695.833333333 695.833333333 1391.66666667 2391.67238556
II user2 39 2000 695.833333333 695.833333333 1391.66666667 2391.67238556
II user2 40 2000 695.833333333 695.833333333 1391.66666667 2391.67238556
II user2 41 2000 695.833333333 0 695.833333333 1779.65303556
II user2 42 2000 695.833333333 0 695.833333333 1779.65303556
II user2 43 2000 695.833333333 0 695.833333333 1779.65303556
II user2 44 2000 695.833333333 0 695.833333333 1779.65303556
II user2 45 2000 695.833333333 0 695.833333333 1779.65303556
II user2 46 2000 695.833333333 0 695.833333333 1779.65303556
II user2 47 2000 695.833333333 0 695.833333333 1779.65303556
II user2 48 2000 695.833333333 0 695.833333333 1779.65303556
II user2 49 2000 695.833333333 0 695.833333333 1779.65303556
II user2 50 2000 695.833333333 0 695.833333333 1779.65303556
II user2 51 2000 695.833333333 695.833333333 1391.66666667 2448.27983556
II user2 52 2000 695.833333333 695.833333333 1391.66666667 2448.27983556
II user2 53 2000 695.833333333 695.833333333 1391.66666667 2448.27983556
II user2 54 2000 695.833333333 695.833333333 1391.66666667 2448.27983556
II user2 55 2000 695.833333333 695.833333333 1391.66666667 2448.27983556
II user2 56 2000 695.833333333 695.833333333 1391.66666667 2448.27983556
II user2 57 2000 695.833333333 695.833333333 1391.66666667 2448.27983556
II user2 58 2000 695.833333333 695.833333333 1391.66666667 2448.27983556
II user2 59 2000 695.833333333 695.833333333 1391.66666667 2448.27983556
II user2 60 2000 695.833333333 695.833333333 1391.66666667 2448.27983556
II user3 1 2000 695.833333333 1391.66666667 2087.5 2422.75593333
II user3 2 2000 695.833333333 1391.66666667 2087.5 2422.75593333
II user3 3 2000 695.833333333 1391.66666667 2087.5 2422.75593333
II user3 4 2000 695.833333333 1391.66666667 2087.5 2422.75593333
II user3 5 2000 695.833333333 1391.66666667 2087.5 2422.75593333
II user3 6 2000 695.833333333 1391.66666667 2087.5 2422.75593333
II user3 7 2000 695.833333333 1391.66666667 2087.5 2422.75593333
II user3 8 2000 695.833333333 1391.66666667 2087.5 2422.75593333
II user3 9 2000 695.833333333 1391.66666667 2087.5 2422.75593333
II user3 10 2000 695.833333333 1391.66666667 2087.5 2422.75593333
II user3 11 2000 695.833333333 1391.66666667 2087.5 2422.75593333
II user3 12 2000 695.833333333 1391.66666667 2087.5 2422.75593333
II user3 13 2000 695.833333333 1391.66666667 2087.5 2422.75593333
II user3 14 2000 695.833333333 1391.66666667 2087.5 2422.75593333
II user3 15 2000 695.833333333 1391.66666667 2087.5 2422.75593333
II user3 16 2000 468.333333333 2087.5 2555.83333333 2891.08926667
II user3 17 2000 468.333333333 2087.5 2555.83333333 2891.08926667
II user3 18 2000 468.333333333 2087.5 2555.83333333 2891.08926667
II user3 19 2000 468.333333333 2087.5 2555.83333333 2891.08926667
II user3 20 2000 468.333333333 2087.5 2555.83333333 2891.08926667
II user3 21 2000 695.833333333 1391.66666667 2087.5 2474.37101667
II user3 22 2000 695.833333333 1391.66666667 2087.5 2474.37101667
II user3 23 2000 695.833333333 1391.66666667 2087.5 2474.37101667
II user3 24 2000 695.833333333 1391.66666667 2087.5 2474.37101667
II user3 25 2000 695.833333333 1391.66666667 2087.5 2474.37101667
II user3 26 2000 695.833333333 1391.66666667 2087.5 2474.37101667
II user3 27 2000 695.833333333 1391.66666667 2087.5 2474.37101667
II user3 28 2000 695.833333333 1391.66666667 2087.5 2474.37101667
II user3 29 2000 695.833333333 1391.66666667 2087.5 2474.37101667
II user3 30 2000 695.833333333 1391.66666667 2087.5 2474.37101667
II user3 31 2000 695.833333333 1391.66666667 2087.5 2474.37101667
II user3 32 2000 695.833333333 1391.66666667 2087.5 2474.37101667
II user3 33 2000 695.833333333 1391.66666667 2087.5 2474.37101667
II user3 34 2000 695.833333333 1391.66666667 2087.5 2474.37101667
II user3 35 2000 695.833333333 1391.66666667 2087.5 2474.37101667
