----------------------------------------------
PP
PP user1 1 2700 1828.81951332 0 1828.81951332 1828.81951332
PP user1 2 2700 1828.81951332 0 1828.81951332 1828.81951332
PP user1 3 2700 1828.81951332 0 1828.81951332 1828.81951332
PP user1 4 2700 1828.81951332 0 1828.81951332 1828.81951332
PP user1 5 2700 1828.81951332 0 1828.81951332 1828.81951332
PP user1 6 2700 1828.81951332 0 1828.81951332 1828.81951332
PP user1 7 2700 1828.81951332 0 1828.81951332 1828.81951332
PP user1 8 2700 1828.81951332 0 1828.81951332 1828.81951332
PP user1 9 2700 1828.81951332 0 1828.81951332 1828.81951332
PP user1 10 2700 1828.81951332 0 1828.81951332 1828.81951332
PP user1 11 2700 1828.81951332 0 1828.81951332 1828.81951332
PP user1 12 2700 1828.81951332 0 1828.81951332 1828.81951332
PP user1 13 2700 1828.81951332 0 1828.81951332 1828.81951332
PP user1 14 2700 1828.81951332 0 1828.81951332 1828.81951332
PP user1 15 2700 1828.81951332 0 1828.81951332 1828.81951332
PP user1 16 2700 1828.81951332 0 1828.81951332 1828.81951332
PP user1 17 2700 1828.81951332 0 1828.81951332 1828.81951332
PP user1 18 2700 1828.81951332 0 1828.81951332 1828.81951332
PP user1 19 2700 1828.81951332 0 1828.81951332 1828.81951332
PP user1 20 2700 1828.81951332 0 1828.81951332 1828.81951332
PP user1 21 2700 1828.81951332 0 1828.81951332 1828.81951332
PP user1 22 2700 1828.81951332 0 1828.81951332 1828.81951332
PP user1 23 2700 1828.81951332 0 1828.81951332 1828.81951332
PP user1 24 2700 1828.81951332 0 1828.81951332 1828.81951332
PP user1 25 2700 1828.81951332 0 1828.81951332 1828.81951332
PP user1 26 2700 1828.81951332 0 1828.81951332 1828.81951332
PP user1 27 2700 1828.81951332 0 1828.81951332 1828.81951332
PP user1 28 2700 1828.81951332 0 1828.81951332 1828.81951332
PP user1 29 2700 1828.81951332 0 1828.81951332 1828.81951332
PP user1 30 2700 1828.81951332 0 1828.81951332 1828.81951332
PP user1 31 2700 1828.81951332 0 1828.81951332 1828.81951332
PP user1 32 2700 1828.81951332 0 1828.81951332 1828.81951332
PP user1 33 2700 1828.81951332 0 1828.81951332 1828.81951332
PP user1 34 2700 1828.81951332 0 1828.81951332 1828.81951332
PP user1 35 2700 1828.81951332 0 1828.81951332 1828.81951332
PP user1 36 2700 1828.81951332 0 1828.81951332 1828.81951332
PP user1 37 2700 1828.81951332 0 1828.81951332 1828.81951332
PP user1 38 2700 1828.81951332 0 1828.81951332 1828.81951332
PP user1 39 2700 1828.81951332 0 1828.81951332 1828.81951332
PP user1 40 2700 1828.81951332 0 1828.81951332 1828.81951332
----------------------------------------------
DD
DD user2 1 2000 294.966936111 0 294.966936111 294.966936111
DD user2 2 2000 294.966936111 0 294.966936111 294.966936111
DD user2 3 2000 294.966936111 0 294.966936111 294.966936111
DD user2 4 2000 294.966936111 0 294.966936111 294.966936111
DD user2 5 2000 294.966936111 0 294.966936111 294.966936111
DD user2 6 2000 294.966936111 0 294.966936111 294.966936111
DD user2 7 2000 294.966936111 0 294.966936111 294.966936111
DD user2 8 2000 294.966936111 0 294.966936111 294.966936111
DD user2 9 2000 294.966936111 0 294.966936111 294.966936111
DD user2 10 2000 294.966936111 0 294.966936111 294.966936111
DD user2 11 2000 294.966936111 0 294.966936111 294.966936111
DD user2 12 2000 294.966936111 0 294.966936111 294.966936111
DD user2 13 2000 294.966936111 0 294.966936111 294.966936111
DD user2 14 2000 294.966936111 0 294.966936111 294.966936111
DD user2 15 2000 294.966936111 0 294.966936111 294.966936111
DD user2 16 2000 294.966936111 0 294.966936111 294.966936111
DD user2 17 2000 294.966936111 0 294.966936111 294.966936111
DD user2 18 2000 294.966936111 0 294.966936111 294.966936111
DD user2 19 2000 294.966936111 0 294.966936111 294.966936111
DD user2 20 2000 294.966936111 0 294.966936111 294.966936111
DD user2 21 2000 294.966936111 0 294.966936111 294.966936111
DD user2 22 2000 294.966936111 0 294.966936111 294.966936111
DD user2 23 2000 294.966936111 0 294.966936111 294.966936111
DD user2 24 2000 294.966936111 0 294.966936111 294.966936111
DD user2 25 2000 294.966936111 0 294.966936111 294.966936111
DD user2 26 2000 294.966936111 0 294.966936111 294.966936111
DD user2 27 2000 294.966936111 0 294.966936111 294.966936111
DD user2 28 2000 294.966936111 0 294.966936111 294.966936111
DD user2 29 2000 294.966936111 0 294.966936111 294.966936111
DD user2 30 2000 294.966936111 0 294.966936111 294.966936111
DD user2 31 2000 294.966936111 0 294.966936111 294.966936111
DD user2 32 2000 294.966936111 0 294.966936111 294.966936111
DD user2 33 2000 294.966936111 0 294.966936111 294.966936111
DD user2 34 2000 294.966936111 0 294.966936111 294.966936111
DD user2 35 2000 294.966936111 0 294.966936111 294.966936111
DD user2 36 2000 294.966936111 0 294.966936111 294.966936111
DD user2 37 2000 294.966936111 0 294.966936111 294.966936111
DD user2 38 2000 294.966936111 0 294.966936111 294.966936111
DD user2 39 2000 294.966936111 0 294.966936111 294.966936111
DD user2 40 2000 294.966936111 0 294.966936111 294.966936111
DD user2 41 2000 294.966936111 0 294.966936111 294.966936111
DD user2 42 2000 294.966936111 0 294.966936111 294.966936111
DD user2 43 2000 294.966936111 0 294.966936111 294.966936111
DD user2 44 2000 294.966936111 0 294.966936111 294.966936111
DD user2 45 2000 294.966936111 0 294.966936111 294.966936111
DD user2 46 2000 294.966936111 0 294.966936111 294.966936111
DD user2 47 2000 294.966936111 0 294.966936111 294.966936111
DD user2 48 2000 294.966936111 0 294.966936111 294.966936111
DD user2 49 2000 294.966936111 0 294.966936111 294.966936111
DD user2 50 2000 294.966936111 0 294.966936111 294.966936111
DD user2 51 2000 294.966936111 0 294.966936111 294.966936111
DD user2 52 2000 294.966936111 0 294.966936111 294.966936111
DD user2 53 2000 294.966936111 0 294.966936111 294.966936111
DD user2 54 2000 294.966936111 0 294.966936111 294.966936111
DD user2 55 2000 294.966936111 0 294.966936111 294.966936111
DD user2 56 2000 294.966936111 0 294.966936111 294.966936111
DD user2 57 2000 294.966936111 0 294.966936111 294.966936111
DD user2 58 2000 294.966936111 0 294.966936111 294.966936111
DD user2 59 2000 294.966936111 0 294.966936111 294.966936111
DD user2 60 2000 294.966936111 0 294.966936111 294.966936111
----------------------------------------------
BB
BB user1 1 2700 706.476916667 0 706.476916667 2535.29642999
BB user1 2 2700 706.476916667 0 706.476916667 2535.29642999
BB user1 3 2700 706.476916667 0 706.476916667 2535.29642999
BB user1 4 2700 706.476916667 0 706.476916667 2535.29642999
BB user1 5 2700 706.476916667 0 706.476916667 2535.29642999
BB user1 6 2700 706.476916667 0 706.476916667 2535.29642999
BB user1 7 2700 706.476916667 0 706.476916667 2535.29642999
BB user1 8 2700 706.476916667 0 706.476916667 2535.29642999
BB user1 9 2700 706.476916667 0 706.476916667 2535.29642999
BB user1 10 2700 706.476916667 0 706.476916667 2535.29642999
BB user1 11 2700 706.476916667 0 706.476916667 2535.29642999
BB user1 12 2700 706.476916667 0 706.476916667 2535.29642999
BB user1 13 2700 706.476916667 0 706.476916667 2535.29642999
BB user1 14 2700 706.476916667 0 706.476916667 2535.29642999
BB user1 15 2700 706.476916667 0 706.476916667 2535.29642999
BB user1 16 2700 706.476916667 0 706.476916667 2535.29642999
BB user1 17 2700 706.476916667 0 706.476916667 2535.29642999
BB user1 18 2700 706.476916667 0 706.476916667 2535.29642999
BB user1 19 2700 706.476916667 0 706.476916667 2535.29642999
BB user1 20 2700 706.476916667 0 706.476916667 2535.29642999
BB user1 21 2700 706.476916667 0 706.476916667 2535.29642999
BB user1 22 2700 706.476916667 0 706.476916667 2535.29642999
BB user1 23 2700 706.476916667 0 706.476916667 2535.29642999
BB user1 24 2700 706.476916667 0 706.476916667 2535.29642999
BB user1 25 2700 706.476916667 0 706.476916667 2535.29642999
BB user1 26 2700 706.476916667 0 706.476916667 2535.29642999
BB user1 27 2700 706.476916667 0 706.476916667 2535.29642999
BB user1 28 2700 706.476916667 0 706.476916667 2535.29642999
BB user1 29 2700 706.476916667 0 706.476916667 2535.29642999
BB user1 30 2700 706.476916667 0 706.476916667 2535.29642999
BB user1 31 2700 706.476916667 0 706.476916667 2535.29642999
BB user1 32 2700 706.476916667 0 706.476916667 2535.29642999
BB user1 33 2700 706.476916667 0 706.476916667 2535.29642999
BB user1 34 2700 706.476916667 0 706.476916667 2535.29642999
BB user1 35 2700 706.476916667 0 706.476916667 2535.29642999
BB user1 36 2700 706.476916667 0 706.476916667 2535.29642999
BB user1 37 2700 706.476916667 0 706.476916667 2535.29642999
BB user1 38 2700 706.476916667 0 706.476916667 2535.29642999
BB user1 39 2700 706.476916667 0 706.476916667 2535.29642999
BB user1 40 2700 706.476916667 0 706.476916667 2535.29642999
BB user2 1 2000 706.476916667 0 706.476916667 1001.44385278
BB user2 2 2000 706.476916667 0 706.476916667 1001.44385278
BB user2 3 2000 706.476916667 0 706.476916667 1001.44385278
BB user2 4 2000 706.476916667 0 706.476916667 1001.44385278
BB user2 5 2000 706.476916667 0 706.476916667 1001.44385278
BB user2 6 2000 706.476916667 0 706.476916667 1001.44385278
BB user2 7 2000 706.476916667 0 706.476916667 1001.44385278
BB user2 8 2000 706.476916667 0 706.476916667 1001.44385278
BB user2 9 2000 706.476916667 0 706.476916667 1001.44385278
BB user2 10 2000 706.476916667 0 706.476916667 1001.44385278
BB user2 11 2000 706.476916667 0 706.476916667 1001.44385278
BB user2 12 2000 706.476916667 0 706.476916667 1001.44385278
BB user2 13 2000 706.476916667 0 706.476916667 1001.44385278
BB user2 14 2000 706.476916667 0 706.476916667 1001.44385278
BB user2 15 2000 706.476916667 0 706.476916667 1001.44385278
BB user2 16 2000 706.476916667 0 706.476916667 1001.44385278
BB user2 17 2000 706.476916667 0 706.476916667 1001.44385278
BB user2 18 2000 706.476916667 0 706.476916667 1001.44385278
BB user2 19 2000 706.476916667 0 706.476916667 1001.44385278
BB user2 20 2000 706.476916667 0 706.476916667 1001.44385278
BB user2 21 2000 706.476916667 0 706.476916667 1001.44385278
BB user2 22 2000 706.476916667 0 706.476916667 1001.44385278
BB user2 23 2000 706.476916667 0 706.476916667 1001.44385278
BB user2 24 2000 706.476916667 0 706.476916667 1001.44385278
BB user2 25 2000 706.476916667 0 706.476916667 1001.44385278
BB user2 26 2000 706.476916667 0 706.476916667 1001.44385278
BB user2 27 2000 706.476916667 0 706.476916667 1001.44385278
BB user2 28 2000 706.476916667 0 706.476916667 1001.44385278
BB user2 29 2000 706.476916667 0 706.476916667 1001.44385278
BB user2 30 2000 706.476916667 0 706.476916667 1001.44385278
BB user2 31 2000 706.476916667 0 706.476916667 1001.44385278
BB user2 32 2000 706.476916667 0 706.476916667 1001.44385278
BB user2 33 2000 706.476916667 0 706.476916667 1001.44385278
BB user2 34 2000 706.476916667 0 706.476916667 1001.44385278
BB user2 35 2000 706.476916667 0 706.476916667 1001.44385278
BB user2 36 2000 706.476916667 0 706.476916667 1001.44385278
BB user2 37 2000 706.476916667 0 706.476916667 1001.44385278
BB user2 38 2000 706.476916667 0 706.476916667 1001.44385278
BB user2 39 2000 706.476916667 0 706.476916667 1001.44385278
BB user2 40 2000 706.476916667 0 706.476916667 1001.44385278
BB user2 41 2000 706.476916667 0 706.476916667 1001.44385278
BB user2 42 2000 706.476916667 0 706.476916667 1001.44385278
BB user2 43 2000 706.476916667 0 706.476916667 1001.44385278
BB user2 44 2000 706.476916667 0 706.476916667 1001.44385278
BB user2 45 2000 706.476916667 0 706.476916667 1001.44385278
BB user2 46 2000 706.476916667 0 706.476916667 1001.44385278
BB user2 47 2000 706.476916667 0 706.476916667 1001.44385278
BB user2 48 2000 706.476916667 0 706.476916667 1001.44385278
BB user2 49 2000 706.476916667 0 706.476916667 1001.44385278
BB user2 50 2000 706.476916667 0 706.476916667 1001.44385278
BB user2 51 2000 706.476916667 0 706.476916667 1001.44385278
BB user2 52 2000 706.476916667 0 706.476916667 1001.44385278
BB user2 53 2000 706.476916667 0 706.476916667 1001.44385278
BB user2 54 2000 706.476916667 0 706.476916667 1001.44385278
BB user2 55 2000 706.476916667 0 706.476916667 1001.44385278
BB user2 56 2000 706.476916667 0 706.476916667 1001.44385278
BB user2 57 2000 706.476916667 0 706.476916667 1001.44385278
BB user2 58 2000 706.476916667 0 706.476916667 1001.44385278
BB user2 59 2000 706.476916667 0 706.476916667 1001.44385278
BB user2 60 2000 706.476916667 0 706.476916667 1001.44385278
----------------------------------------------
HH
HH user1 1 2700 97.6278333333 0 97.6278333333 2632.92426332
HH user1 2 2700 97.6278333333 0 97.6278333333 2632.92426332
HH user1 3 2700 97.6278333333 0 97.6278333333 2632.92426332
HH user1 4 2700 97.6278333333 0 97.6278333333 2632.92426332
HH user1 5 2700 97.6278333333 0 97.6278333333 2632.92426332
HH user1 6 2700 97.6278333333 0 97.6278333333 2632.92426332
HH user1 7 2700 97.6278333333 0 97.6278333333 2632.92426332
HH user1 8 2700 97.6278333333 0 97.6278333333 2632.92426332
HH user1 9 2700 97.6278333333 0 97.6278333333 2632.92426332
HH user1 10 2700 97.6278333333 0 97.6278333333 2632.92426332
HH user1 11 2700 97.6278333333 0 97.6278333333 2632.92426332
HH user1 12 2700 97.6278333333 0 97.6278333333 2632.92426332
HH user1 13 2700 97.6278333333 0 97.6278333333 2632.92426332
HH user1 14 2700 97.6278333333 0 97.6278333333 2632.92426332
HH user1 15 2700 97.6278333333 0 97.6278333333 2632.92426332
HH user1 16 2700 97.6278333333 0 97.6278333333 2632.92426332
HH user1 17 2700 97.6278333333 0 97.6278333333 2632.92426332
HH user1 18 2700 97.6278333333 0 97.6278333333 2632.92426332
HH user1 19 2700 97.6278333333 0 97.6278333333 2632.92426332
HH user1 20 2700 97.6278333333 0 97.6278333333 2632.92426332
HH user1 21 2700 97.6278333333 0 97.6278333333 2632.92426332
HH user1 22 2700 97.6278333333 0 97.6278333333 2632.92426332
HH user1 23 2700 97.6278333333 0 97.6278333333 2632.92426332
HH user1 24 2700 97.6278333333 0 97.6278333333 2632.92426332
HH user1 25 2700 97.6278333333 0 97.6278333333 2632.92426332
HH user1 26 2700 97.6278333333 0 97.6278333333 2632.92426332
HH user1 27 2700 97.6278333333 0 97.6278333333 2632.92426332
HH user1 28 2700 97.6278333333 0 97.6278333333 2632.92426332
HH user1 29 2700 97.6278333333 0 97.6278333333 2632.92426332
HH user1 30 2700 97.6278333333 0 97.6278333333 2632.92426332
HH user1 31 2700 97.6278333333 0 97.6278333333 2632.92426332
HH user1 32 2700 97.6278333333 0 97.6278333333 2632.92426332
HH user1 33 2700 97.6278333333 0 97.6278333333 2632.92426332
HH user1 34 2700 97.6278333333 0 97.6278333333 2632.92426332
HH user1 35 2700 97.6278333333 0 97.6278333333 2632.92426332
HH user1 36 2700 97.6278333333 0 97.6278333333 2632.92426332
HH user1 37 2700 97.6278333333 0 97.6278333333 2632.92426332
HH user1 38 2700 97.6278333333 0 97.6278333333 2632.92426332
HH user1 39 2700 97.6278333333 0 97.6278333333 2632.92426332
HH user1 40 2700 97.6278333333 0 97.6278333333 2632.92426332
HH user2 1 2000 97.6278333333 0 97.6278333333 1099.07168611
HH user2 2 2000 97.6278333333 0 97.6278333333 1099.07168611
HH user2 3 2000 97.6278333333 0 97.6278333333 1099.07168611
HH user2 4 2000 97.6278333333 0 97.6278333333 1099.07168611
HH user2 5 2000 97.6278333333 0 97.6278333333 1099.07168611
HH user2 6 2000 97.6278333333 0 97.6278333333 1099.07168611
HH user2 7 2000 97.6278333333 0 97.6278333333 1099.07168611
HH user2 8 2000 97.6278333333 0 97.6278333333 1099.07168611
HH user2 9 2000 97.6278333333 0 97.6278333333 1099.07168611
HH user2 10 2000 97.6278333333 0 97.6278333333 1099.07168611
HH user2 11 2000 97.6278333333 0 97.6278333333 1099.07168611
HH user2 12 2000 97.6278333333 0 97.6278333333 1099.07168611
HH user2 13 2000 97.6278333333 0 97.6278333333 1099.07168611
HH user2 14 2000 97.6278333333 0 97.6278333333 1099.07168611
HH user2 15 2000 97.6278333333 0 97.6278333333 1099.07168611
HH user2 16 2000 97.6278333333 0 97.6278333333 1099.07168611
HH user2 17 2000 97.6278333333 0 97.6278333333 1099.07168611
HH user2 18 2000 97.6278333333 0 97.6278333333 1099.07168611
HH user2 19 2000 97.6278333333 0 97.6278333333 1099.07168611
HH user2 20 2000 97.6278333333 0 97.6278333333 1099.07168611
HH user2 21 2000 97.6278333333 0 97.6278333333 1099.07168611
HH user2 22 2000 97.6278333333 0 97.6278333333 1099.07168611
HH user2 23 2000 97.6278333333 0 97.6278333333 1099.07168611
HH user2 24 2000 97.6278333333 0 97.6278333333 1099.07168611
HH user2 25 2000 97.6278333333 0 97.6278333333 1099.07168611
HH user2 26 2000 97.6278333333 0 97.6278333333 1099.07168611
HH user2 27 2000 97.6278333333 0 97.6278333333 1099.07168611
HH user2 28 2000 97.6278333333 0 97.6278333333 1099.07168611
HH user2 29 2000 97.6278333333 0 97.6278333333 1099.07168611
HH user2 30 2000 97.6278333333 0 97.6278333333 1099.07168611
HH user2 31 2000 97.6278333333 0 97.6278333333 1099.07168611
HH user2 32 2000 97.6278333333 0 97.6278333333 1099.07168611
HH user2 33 2000 97.6278333333 0 97.6278333333 1099.07168611
HH user2 34 2000 97.6278333333 0 97.6278333333 1099.07168611
HH user2 35 2000 97.6278333333 0 97.6278333333 1099.07168611
HH user2 36 2000 97.6278333333 0 97.6278333333 1099.07168611
HH user2 37 2000 97.6278333333 0 97.6278333333 1099.07168611
HH user2 38 2000 97.6278333333 0 97.6278333333 1099.07168611
HH user2 39 2000 97.6278333333 0 97.6278333333 1099.07168611
HH user2 40 2000 97.6278333333 0 97.6278333333 1099.07168611
HH user2 41 2000 97.6278333333 0 97.6278333333 1099.07168611
HH user2 42 2000 97.6278333333 0 97.6278333333 1099.07168611
HH user2 43 2000 97.6278333333 0 97.6278333333 1099.07168611
HH user2 44 2000 97.6278333333 0 97.6278333333 1099.07168611
HH user2 45 2000 97.6278333333 0 97.6278333333 1099.07168611
HH user2 46 2000 97.6278333333 0 97.6278333333 1099.07168611
HH user2 47 2000 97.6278333333 0 97.6278333333 1099.07168611
HH user2 48 2000 97.6278333333 0 97.6278333333 1099.07168611
HH user2 49 2000 97.6278333333 0 97.6278333333 1099.07168611
HH user2 50 2000 97.6278333333 0 97.6278333333 1099.07168611
HH user2 51 2000 97.6278333333 0 97.6278333333 1099.07168611
HH user2 52 2000 97.6278333333 0 97.6278333333 1099.07168611
HH user2 53 2000 97.6278333333 0 97.6278333333 1099.07168611
HH user2 54 2000 97.6278333333 0 97.6278333333 1099.07168611
HH user2 55 2000 97.6278333333 0 97.6278333333 1099.07168611
HH user2 56 2000 97.6278333333 0 97.6278333333 1099.07168611
HH user2 57 2000 97.6278333333 0 97.6278333333 1099.07168611
HH user2 58 2000 97.6278333333 0 97.6278333333 1099.07168611
HH user2 59 2000 97.6278333333 0 97.6278333333 1099.07168611
HH user2 60 2000 97.6278333333 0 97.6278333333 1099.07168611
HH user3 1 2000 97.6278333333 0 97.6278333333 97.6278333333
HH user3 2 2000 97.6278333333 0 97.6278333333 97.6278333333
HH user3 3 2000 97.6278333333 0 97.6278333333 97.6278333333
HH user3 4 2000 97.6278333333 0 97.6278333333 97.6278333333
HH user3 5 2000 97.6278333333 0 97.6278333333 97.6278333333
HH user3 6 2000 97.6278333333 0 97.6278333333 97.6278333333
HH user3 7 2000 97.6278333333 0 97.6278333333 97.6278333333
HH user3 8 2000 97.6278333333 0 97.6278333333 97.6278333333
HH user3 9 2000 97.6278333333 0 97.6278333333 97.6278333333
HH user3 10 2000 97.6278333333 0 97.6278333333 97.6278333333
HH user3 11 2000 97.6278333333 0 97.6278333333 97.6278333333
HH user3 12 2000 97.6278333333 0 97.6278333333 97.6278333333
HH user3 13 2000 97.6278333333 0 97.6278333333 97.6278333333
HH user3 14 2000 97.6278333333 0 97.6278333333 97.6278333333
HH user3 15 2000 97.6278333333 0 97.6278333333 97.6278333333
HH user3 16 2000 97.6278333333 0 97.6278333333 97.6278333333
HH user3 17 2000 97.6278333333 0 97.6278333333 97.6278333333
HH user3 18 2000 97.6278333333 0 97.6278333333 97.6278333333
HH user3 19 2000 97.6278333333 0 97.6278333333 97.6278333333
HH user3 20 2000 97.6278333333 0 97.6278333333 97.6278333333
HH user3 21 2000 97.6278333333 0 97.6278333333 97.6278333333
HH user3 22 2000 97.6278333333 0 97.6278333333 97.6278333333
HH user3 23 2000 97.6278333333 0 97.6278333333 97.6278333333
HH user3 24 2000 97.6278333333 0 97.6278333333 97.6278333333
HH user3 25 2000 97.6278333333 0 97.6278333333 97.6278333333
HH user3 26 2000 97.6278333333 0 97.6278333333 97.6278333333
HH user3 27 2000 97.6278333333 0 97.6278333333 97.6278333333
HH user3 28 2000 97.6278333333 0 97.6278333333 97.6278333333
HH user3 29 2000 34.7976333333 97.6278333333 132.425466667 132.425466667
HH user3 30 2000 34.7976333333 97.6278333333 132.425466667 132.425466667
HH user3 31 2000 34.7976333333 97.6278333333 132.425466667 132.425466667
HH user3 32 2000 34.7976333333 97.6278333333 132.425466667 132.425466667
HH user3 33 2000 34.7976333333 97.6278333333 132.425466667 132.425466667
HH user3 34 2000 34.7976333333 97.6278333333 132.425466667 132.425466667
HH user3 35 2000 34.7976333333 97.6278333333 132.425466667 132.425466667
----------------------------------------------
II
II user2 1 2000 882.666666667 0 882.666666667 1981.73835278
II user2 2 2000 882.666666667 0 882.666666667 1981.73835278
II user2 3 2000 882.666666667 0 882.666666667 1981.73835278
II user2 4 2000 882.666666667 0 882.666666667 1981.73835278
II user2 5 2000 882.666666667 0 882.666666667 1981.73835278
II user2 6 2000 882.666666667 0 882.666666667 1981.73835278
II user2 7 2000 882.666666667 0 882.666666667 1981.73835278
II user2 8 2000 882.666666667 0 882.666666667 1981.73835278
II user2 9 2000 882.666666667 0 882.666666667 1981.73835278
II user2 10 2000 882.666666667 0 882.666666667 1981.73835278
II user2 11 2000 882.666666667 0 882.666666667 1981.73835278
II user2 12 2000 882.666666667 0 882.666666667 1981.73835278
II user2 13 2000 882.666666667 0 882.666666667 1981.73835278
II user2 14 2000 882.666666667 0 882.666666667 1981.73835278
II user2 15 2000 882.666666667 0 882.666666667 1981.73835278
II user2 16 2000 882.666666667 0 882.666666667 1981.73835278
II user2 17 2000 882.666666667 0 882.666666667 1981.73835278
II user2 18 2000 882.666666667 0 882.666666667 1981.73835278
II user2 19 2000 882.666666667 0 882.666666667 1981.73835278
II user2 20 2000 882.666666667 0 882.666666667 1981.73835278
II user2 21 2000 882.666666667 0 882.666666667 1981.73835278
II user2 22 2000 882.666666667 0 882.666666667 1981.73835278
II user2 23 2000 882.666666667 0 882.666666667 1981.73835278
II user2 24 2000 882.666666667 0 882.666666667 1981.73835278
II user2 25 2000 882.666666667 0 882.666666667 1981.73835278
II user2 26 2000 882.666666667 0 882.666666667 1981.73835278
II user2 27 2000 882.666666667 0 882.666666667 1981.73835278
II user2 28 2000 882.666666667 0 882.666666667 1981.73835278
II user2 29 2000 882.666666667 0 882.666666667 1981.73835278
II user2 30 2000 882.666666667 0 882.666666667 1981.73835278
II user2 31 2000 882.666666667 0 882.666666667 1981.73835278
II user2 32 2000 882.666666667 0 882.666666667 1981.73835278
II user2 33 2000 882.666666667 0 882.666666667 1981.73835278
II user2 34 2000 882.666666667 0 882.666666667 1981.73835278
II user2 35 2000 882.666666667 0 882.666666667 1981.73835278
II user2 36 2000 882.666666667 0 882.666666667 1981.73835278
II user2 37 2000 882.666666667 0 882.666666667 1981.73835278
II user2 38 2000 882.666666667 0 882.666666667 1981.73835278
II user2 39 2000 882.666666667 0 882.666666667 1981.73835278
II user2 40 2000 882.666666667 0 882.666666667 1981.73835278
II user2 41 2000 882.666666667 0 882.666666667 1981.73835278
II user2 42 2000 882.666666667 0 882.666666667 1981.73835278
II user2 43 2000 882.666666667 0 882.666666667 1981.73835278
II user2 44 2000 882.666666667 0 882.666666667 1981.73835278
II user2 45 2000 882.666666667 0 882.666666667 1981.73835278
II user2 46 2000 882.666666667 0 882.666666667 1981.73835278
II user2 47 2000 882.666666667 0 882.666666667 1981.73835278
II user2 48 2000 882.666666667 0 882.666666667 1981.73835278
II user2 49 2000 882.666666667 0 882.666666667 1981.73835278
II user2 50 2000 882.666666667 0 882.666666667 1981.73835278
II user2 51 2000 882.666666667 0 882.666666667 1981.73835278
II user2 52 2000 882.666666667 0 882.666666667 1981.73835278
II user2 53 2000 882.666666667 0 882.666666667 1981.73835278
II user2 54 2000 882.666666667 0 882.666666667 1981.73835278
II user2 55 2000 882.666666667 0 882.666666667 1981.73835278
II user2 56 2000 882.666666667 0 882.666666667 1981.73835278
II user2 57 2000 882.666666667 0 882.666666667 1981.73835278
II user2 58 2000 335.166666667 882.666666667 1217.83333333 2316.90501944
II user2 59 2000 335.166666667 1217.83333333 1553.0 2652.07168611
II user2 60 2000 335.166666667 1553.0 1888.16666667 2987.23835278
II user3 1 2000 335.166666667 4234.33333333 4569.5 4667.12783333
II user3 2 2000 335.166666667 4569.5 4904.66666667 5002.2945
II user3 3 2000 335.166666667 4904.66666667 5239.83333333 5337.46116667
II user3 4 2000 335.166666667 5239.83333333 5575.0 5672.62783333
II user3 5 2000 335.166666667 5575.0 5910.16666667 6007.7945
II user3 6 2000 335.166666667 5910.16666667 6245.33333333 6342.96116667
II user3 7 2000 335.166666667 6245.33333333 6580.5 6678.12783333
II user3 8 2000 335.166666667 6580.5 6915.66666667 7013.2945
II user3 9 2000 335.166666667 6915.66666667 7250.83333333 7348.46116667
II user3 10 2000 335.166666667 7250.83333333 7586.0 7683.62783333
II user3 11 2000 335.166666667 7586.0 7921.16666667 8018.7945
II user3 12 2000 335.166666667 7921.16666667 8256.33333333 8353.96116667
II user3 13 2000 335.166666667 8256.33333333 8591.5 8689.12783333
II user3 14 2000 335.166666667 8591.5 8926.66666667 9024.2945
II user3 15 2000 335.166666667 8926.66666667 9261.83333333 9359.46116667
II user3 16 2000 335.166666667 9261.83333333 9597.0 9694.62783333
II user3 17 2000 335.166666667 9597.0 9932.16666667 10029.7945
II user3 18 2000 335.166666667 9932.16666667 10267.3333333 10364.9611667
II user3 19 2000 335.166666667 10267.3333333 10602.5 10700.1278333
II user3 20 2000 335.166666667 10602.5 10937.6666667 11035.2945
II user3 21 2000 335.166666667 10937.6666667 11272.8333333 11370.4611667
II user3 22 2000 335.166666667 11272.8333333 11608.0 11705.6278333
II user3 23 2000 335.166666667 11608.0 11943.1666667 12040.7945
II user3 24 2000 335.166666667 11943.1666667 12278.3333333 12375.9611667
II user3 25 2000 335.166666667 12278.3333333 12613.5 12711.1278333
II user3 26 2000 335.166666667 12613.5 12948.6666667 13046.2945
II user3 27 2000 335.166666667 12948.6666667 13283.8333333 13381.4611667
II user3 28 2000 335.166666667 13283.8333333 13619.0 13716.6278333
II user3 29 2000 335.166666667 1888.16666667 2223.33333333 2355.7588
II user3 30 2000 335.166666667 2223.33333333 2558.5 2690.92546667
II user3 31 2000 335.166666667 2558.5 2893.66666667 3026.09213333
II user3 32 2000 335.166666667 2893.66666667 3228.83333333 3361.2588
II user3 33 2000 335.166666667 3228.83333333 3564.0 3696.42546667
II user3 34 2000 335.166666667 3564.0 3899.16666667 4031.59213333
II user3 35 2000 335.166666667 3899.16666667 4234.33333333 4366.7588
