----------------------------------------------
PP user1 1 2500 1384.57107544 0 1384.57107544 1384.57107544
PP user1 2 2500 1384.57107544 0 1384.57107544 1384.57107544
PP user1 3 2500 1384.57107544 0 1384.57107544 1384.57107544
PP user1 4 2500 1384.57107544 0 1384.57107544 1384.57107544
PP user1 5 2500 1384.57107544 0 1384.57107544 1384.57107544
PP user1 6 2500 1384.57107544 0 1384.57107544 1384.57107544
PP user1 7 2500 1384.57107544 0 1384.57107544 1384.57107544
PP user1 8 2500 1384.57107544 0 1384.57107544 1384.57107544
PP user1 9 2500 1384.57107544 0 1384.57107544 1384.57107544
PP user1 10 2500 1384.57107544 0 1384.57107544 1384.57107544
PP user1 11 2500 1384.57107544 0 1384.57107544 1384.57107544
PP user1 12 2500 1384.57107544 0 1384.57107544 1384.57107544
PP user1 13 2500 1384.57107544 0 1384.57107544 1384.57107544
PP user1 14 2500 1384.57107544 0 1384.57107544 1384.57107544
PP user1 15 2500 1384.57107544 0 1384.57107544 1384.57107544
PP user1 16 2500 1384.57107544 0 1384.57107544 1384.57107544
PP user1 17 2500 1384.57107544 0 1384.57107544 1384.57107544
PP user1 18 2500 1384.57107544 0 1384.57107544 1384.57107544
PP user1 19 2500 1384.57107544 0 1384.57107544 1384.57107544
PP user1 20 2500 1384.57107544 0 1384.57107544 1384.57107544
PP user1 21 2500 1384.57107544 0 1384.57107544 1384.57107544
PP user1 22 2500 1384.57107544 0 1384.57107544 1384.57107544
PP user1 23 2500 1384.57107544 0 1384.57107544 1384.57107544
PP user1 24 2500 1384.57107544 0 1384.57107544 1384.57107544
PP user1 25 2500 1384.57107544 0 1384.57107544 1384.57107544
PP user1 26 2500 1384.57107544 0 1384.57107544 1384.57107544
PP user1 27 2500 1384.57107544 0 1384.57107544 1384.57107544
PP user1 28 2500 1384.57107544 0 1384.57107544 1384.57107544
PP user1 29 2500 1384.57107544 0 1384.57107544 1384.57107544
PP user1 30 2500 1384.57107544 0 1384.57107544 1384.57107544
PP user1 31 2500 1384.57107544 0 1384.57107544 1384.57107544
PP user1 32 2500 206.040024758 1384.57107544 1590.6111002 1590.6111002
PP user1 33 2500 206.040024758 1384.57107544 1590.6111002 1590.6111002
PP user1 34 2500 206.040024758 1384.57107544 1590.6111002 1590.6111002
PP user1 35 2500 206.040024758 1384.57107544 1590.6111002 1590.6111002
----------------------------------------------
DD user3 1 1900 117.548108101 235.096216202 352.644324303 352.644324303
DD user3 2 1900 117.548108101 235.096216202 352.644324303 352.644324303
DD user3 3 1900 117.548108101 235.096216202 352.644324303 352.644324303
DD user3 4 1900 117.548108101 235.096216202 352.644324303 352.644324303
DD user3 5 1900 117.548108101 235.096216202 352.644324303 352.644324303
DD user3 6 1900 117.548108101 235.096216202 352.644324303 352.644324303
DD user3 7 1900 117.548108101 235.096216202 352.644324303 352.644324303
DD user3 8 1900 117.548108101 235.096216202 352.644324303 352.644324303
DD user3 9 1900 117.548108101 235.096216202 352.644324303 352.644324303
DD user3 10 1900 117.548108101 235.096216202 352.644324303 352.644324303
DD user3 11 1900 117.548108101 235.096216202 352.644324303 352.644324303
DD user3 12 1900 117.548108101 235.096216202 352.644324303 352.644324303
DD user3 13 1900 71.0285902023 352.644324303 423.672914505 423.672914505
DD user3 14 1900 71.0285902023 352.644324303 423.672914505 423.672914505
DD user3 15 1900 71.0285902023 352.644324303 423.672914505 423.672914505
DD user3 16 1900 71.0285902023 352.644324303 423.672914505 423.672914505
DD user3 17 1900 71.0285902023 352.644324303 423.672914505 423.672914505
DD user3 18 1900 71.0285902023 352.644324303 423.672914505 423.672914505
DD user3 19 1900 71.0285902023 352.644324303 423.672914505 423.672914505
DD user3 20 1900 71.0285902023 352.644324303 423.672914505 423.672914505
DD user3 21 1900 71.0285902023 352.644324303 423.672914505 423.672914505
DD user3 22 1900 71.0285902023 352.644324303 423.672914505 423.672914505
DD user3 23 1900 71.0285902023 352.644324303 423.672914505 423.672914505
DD user3 24 1900 71.0285902023 352.644324303 423.672914505 423.672914505
DD user3 25 1900 71.0285902023 352.644324303 423.672914505 423.672914505
DD user4 1 1300 117.548108101 0 117.548108101 117.548108101
DD user4 2 1300 117.548108101 0 117.548108101 117.548108101
DD user4 3 1300 117.548108101 0 117.548108101 117.548108101
DD user4 4 1300 117.548108101 0 117.548108101 117.548108101
DD user4 5 1300 117.548108101 0 117.548108101 117.548108101
DD user4 6 1300 117.548108101 0 117.548108101 117.548108101
DD user4 7 1300 117.548108101 0 117.548108101 117.548108101
DD user4 8 1300 117.548108101 0 117.548108101 117.548108101
DD user4 9 1300 117.548108101 0 117.548108101 117.548108101
DD user4 10 1300 117.548108101 0 117.548108101 117.548108101
DD user4 11 1300 117.548108101 0 117.548108101 117.548108101
DD user4 12 1300 117.548108101 0 117.548108101 117.548108101
DD user4 13 1300 117.548108101 0 117.548108101 117.548108101
DD user4 14 1300 117.548108101 0 117.548108101 117.548108101
DD user4 15 1300 117.548108101 0 117.548108101 117.548108101
DD user4 16 1300 117.548108101 0 117.548108101 117.548108101
DD user4 17 1300 117.548108101 0 117.548108101 117.548108101
DD user4 18 1300 117.548108101 0 117.548108101 117.548108101
DD user4 19 1300 117.548108101 0 117.548108101 117.548108101
DD user4 20 1300 117.548108101 0 117.548108101 117.548108101
DD user4 21 1300 117.548108101 0 117.548108101 117.548108101
DD user4 22 1300 117.548108101 0 117.548108101 117.548108101
DD user4 23 1300 117.548108101 0 117.548108101 117.548108101
DD user4 24 1300 117.548108101 0 117.548108101 117.548108101
DD user4 25 1300 117.548108101 117.548108101 235.096216202 235.096216202
DD user4 26 1300 117.548108101 117.548108101 235.096216202 235.096216202
DD user4 27 1300 117.548108101 117.548108101 235.096216202 235.096216202
DD user4 28 1300 117.548108101 117.548108101 235.096216202 235.096216202
DD user4 29 1300 117.548108101 117.548108101 235.096216202 235.096216202
DD user4 30 1300 117.548108101 117.548108101 235.096216202 235.096216202
DD user4 31 1300 117.548108101 117.548108101 235.096216202 235.096216202
DD user4 32 1300 117.548108101 117.548108101 235.096216202 235.096216202
DD user4 33 1300 117.548108101 117.548108101 235.096216202 235.096216202
DD user4 34 1300 117.548108101 117.548108101 235.096216202 235.096216202
DD user4 35 1300 117.548108101 117.548108101 235.096216202 235.096216202
DD user4 36 1300 117.548108101 117.548108101 235.096216202 235.096216202
DD user4 37 1300 117.548108101 117.548108101 235.096216202 235.096216202
DD user4 38 1300 117.548108101 117.548108101 235.096216202 235.096216202
DD user4 39 1300 117.548108101 117.548108101 235.096216202 235.096216202
DD user4 40 1300 117.548108101 117.548108101 235.096216202 235.096216202
DD user4 41 1300 117.548108101 117.548108101 235.096216202 235.096216202
DD user4 42 1300 117.548108101 117.548108101 235.096216202 235.096216202
DD user4 43 1300 117.548108101 117.548108101 235.096216202 235.096216202
DD user4 44 1300 117.548108101 117.548108101 235.096216202 235.096216202
DD user4 45 1300 117.548108101 117.548108101 235.096216202 235.096216202
DD user4 46 1300 117.548108101 117.548108101 235.096216202 235.096216202
DD user4 47 1300 117.548108101 117.548108101 235.096216202 235.096216202
DD user4 48 1300 117.548108101 117.548108101 235.096216202 235.096216202
DD user4 49 1300 117.548108101 235.096216202 352.644324303 352.644324303
DD user4 50 1300 117.548108101 235.096216202 352.644324303 352.644324303
DD user4 51 1300 117.548108101 235.096216202 352.644324303 352.644324303
DD user4 52 1300 117.548108101 235.096216202 352.644324303 352.644324303
DD user4 53 1300 117.548108101 235.096216202 352.644324303 352.644324303
DD user4 54 1300 117.548108101 235.096216202 352.644324303 352.644324303
DD user4 55 1300 117.548108101 235.096216202 352.644324303 352.644324303
DD user4 56 1300 117.548108101 235.096216202 352.644324303 352.644324303
DD user4 57 1300 117.548108101 235.096216202 352.644324303 352.644324303
DD user4 58 1300 117.548108101 235.096216202 352.644324303 352.644324303
DD user4 59 1300 117.548108101 235.096216202 352.644324303 352.644324303
DD user4 60 1300 117.548108101 235.096216202 352.644324303 352.644324303
----------------------------------------------
BB user1 1 2500 265.397770833 122.6055625 388.003333333 1772.57440877
BB user1 2 2500 265.397770833 122.6055625 388.003333333 1772.57440877
BB user1 3 2500 265.397770833 122.6055625 388.003333333 1772.57440877
BB user1 4 2500 265.397770833 122.6055625 388.003333333 1772.57440877
BB user1 5 2500 265.397770833 122.6055625 388.003333333 1772.57440877
BB user1 6 2500 265.397770833 122.6055625 388.003333333 1772.57440877
BB user1 7 2500 265.397770833 122.6055625 388.003333333 1772.57440877
BB user1 8 2500 265.397770833 122.6055625 388.003333333 1772.57440877
BB user1 9 2500 265.397770833 122.6055625 388.003333333 1772.57440877
BB user1 10 2500 265.397770833 122.6055625 388.003333333 1772.57440877
BB user1 11 2500 265.397770833 122.6055625 388.003333333 1772.57440877
BB user1 12 2500 265.397770833 122.6055625 388.003333333 1772.57440877
BB user1 13 2500 265.397770833 122.6055625 388.003333333 1772.57440877
BB user1 14 2500 265.397770833 122.6055625 388.003333333 1772.57440877
BB user1 15 2500 265.397770833 122.6055625 388.003333333 1772.57440877
BB user1 16 2500 265.397770833 122.6055625 388.003333333 1772.57440877
BB user1 17 2500 265.397770833 122.6055625 388.003333333 1772.57440877
BB user1 18 2500 265.397770833 122.6055625 388.003333333 1772.57440877
BB user1 19 2500 265.397770833 122.6055625 388.003333333 1772.57440877
BB user1 20 2500 265.397770833 122.6055625 388.003333333 1772.57440877
BB user1 21 2500 265.397770833 122.6055625 388.003333333 1772.57440877
BB user1 22 2500 265.397770833 122.6055625 388.003333333 1772.57440877
BB user1 23 2500 265.397770833 122.6055625 388.003333333 1772.57440877
BB user1 24 2500 265.397770833 122.6055625 388.003333333 1772.57440877
BB user1 25 2500 265.397770833 122.6055625 388.003333333 1772.57440877
BB user1 26 2500 265.397770833 122.6055625 388.003333333 1772.57440877
BB user1 27 2500 265.397770833 122.6055625 388.003333333 1772.57440877
BB user1 28 2500 265.397770833 122.6055625 388.003333333 1772.57440877
BB user1 29 2500 265.397770833 122.6055625 388.003333333 1772.57440877
BB user1 30 2500 265.397770833 122.6055625 388.003333333 1772.57440877
BB user1 31 2500 265.397770833 122.6055625 388.003333333 1772.57440877
BB user1 32 2500 122.6055625 0 122.6055625 1713.2166627
BB user1 33 2500 122.6055625 0 122.6055625 1713.2166627
BB user1 34 2500 122.6055625 0 122.6055625 1713.2166627
BB user1 35 2500 122.6055625 0 122.6055625 1713.2166627
BB user3 1 1900 265.397770833 122.6055625 388.003333333 740.647657636
BB user3 2 1900 265.397770833 122.6055625 388.003333333 740.647657636
BB user3 3 1900 103.341541667 388.003333333 491.344875 843.989199303
BB user3 4 1900 103.341541667 388.003333333 491.344875 843.989199303
BB user3 5 1900 103.341541667 388.003333333 491.344875 843.989199303
BB user3 6 1900 103.341541667 388.003333333 491.344875 843.989199303
BB user3 7 1900 103.341541667 388.003333333 491.344875 843.989199303
BB user3 8 1900 103.341541667 388.003333333 491.344875 843.989199303
BB user3 9 1900 103.341541667 388.003333333 491.344875 843.989199303
BB user3 10 1900 103.341541667 388.003333333 491.344875 843.989199303
BB user3 11 1900 103.341541667 388.003333333 491.344875 843.989199303
BB user3 12 1900 103.341541667 388.003333333 491.344875 843.989199303
BB user3 13 1900 122.6055625 0 122.6055625 546.278477005
BB user3 14 1900 122.6055625 0 122.6055625 546.278477005
BB user3 15 1900 122.6055625 0 122.6055625 546.278477005
BB user3 16 1900 122.6055625 0 122.6055625 546.278477005
BB user3 17 1900 122.6055625 0 122.6055625 546.278477005
BB user3 18 1900 122.6055625 0 122.6055625 546.278477005
BB user3 19 1900 122.6055625 0 122.6055625 546.278477005
BB user3 20 1900 122.6055625 0 122.6055625 546.278477005
BB user3 21 1900 122.6055625 0 122.6055625 546.278477005
BB user3 22 1900 122.6055625 0 122.6055625 546.278477005
BB user3 23 1900 122.6055625 0 122.6055625 546.278477005
BB user3 24 1900 265.397770833 122.6055625 388.003333333 811.676247838
BB user3 25 1900 265.397770833 122.6055625 388.003333333 811.676247838
----------------------------------------------
CC user1 1 2500 609.8 0 609.8 2382.37440877
CC user1 2 2500 609.8 0 609.8 2382.37440877
CC user1 3 2500 609.8 0 609.8 2382.37440877
CC user1 4 2500 609.8 0 609.8 2382.37440877
CC user1 5 2500 609.8 0 609.8 2382.37440877
CC user1 6 2500 609.8 0 609.8 2382.37440877
CC user1 7 2500 609.8 0 609.8 2382.37440877
CC user1 8 2500 609.8 0 609.8 2382.37440877
CC user1 9 2500 609.8 0 609.8 2382.37440877
CC user1 10 2500 609.8 0 609.8 2382.37440877
CC user1 11 2500 609.8 0 609.8 2382.37440877
CC user1 12 2500 609.8 0 609.8 2382.37440877
CC user1 13 2500 609.8 0 609.8 2382.37440877
CC user1 14 2500 609.8 0 609.8 2382.37440877
CC user1 15 2500 609.8 0 609.8 2382.37440877
CC user1 16 2500 609.8 0 609.8 2382.37440877
CC user1 17 2500 609.8 0 609.8 2382.37440877
CC user1 18 2500 609.8 0 609.8 2382.37440877
CC user1 19 2500 609.8 0 609.8 2382.37440877
CC user1 20 2500 609.8 0 609.8 2382.37440877
CC user1 21 2500 609.8 0 609.8 2382.37440877
CC user1 22 2500 609.8 0 609.8 2382.37440877
CC user1 23 2500 609.8 0 609.8 2382.37440877
CC user1 24 2500 609.8 0 609.8 2382.37440877
CC user1 25 2500 609.8 0 609.8 2382.37440877
CC user1 26 2500 609.8 0 609.8 2382.37440877
CC user1 27 2500 609.8 0 609.8 2382.37440877
CC user1 28 2500 609.8 0 609.8 2382.37440877
CC user1 29 2500 609.8 0 609.8 2382.37440877
CC user1 30 2500 609.8 0 609.8 2382.37440877
CC user1 31 2500 609.8 0 609.8 2382.37440877
CC user1 32 2500 609.8 0 609.8 2323.0166627
CC user1 33 2500 609.8 0 609.8 2323.0166627
CC user1 34 2500 609.8 0 609.8 2323.0166627
CC user1 35 2500 609.8 0 609.8 2323.0166627
CC user3 1 1900 347.2 609.8 957.0 1697.64765764
CC user3 2 1900 347.2 609.8 957.0 1697.64765764
CC user3 3 1900 347.2 609.8 957.0 1800.9891993
CC user3 4 1900 347.2 609.8 957.0 1800.9891993
CC user3 5 1900 347.2 609.8 957.0 1800.9891993
CC user3 6 1900 347.2 609.8 957.0 1800.9891993
CC user3 7 1900 347.2 609.8 957.0 1800.9891993
CC user3 8 1900 347.2 609.8 957.0 1800.9891993
CC user3 9 1900 347.2 609.8 957.0 1800.9891993
CC user3 10 1900 347.2 609.8 957.0 1800.9891993
CC user3 11 1900 347.2 609.8 957.0 1800.9891993
CC user3 12 1900 347.2 609.8 957.0 1800.9891993
CC user3 13 1900 609.8 0 609.8 1156.07847701
CC user3 14 1900 609.8 0 609.8 1156.07847701
CC user3 15 1900 609.8 0 609.8 1156.07847701
CC user3 16 1900 609.8 0 609.8 1156.07847701
CC user3 17 1900 609.8 0 609.8 1156.07847701
CC user3 18 1900 609.8 0 609.8 1156.07847701
CC user3 19 1900 609.8 0 609.8 1156.07847701
CC user3 20 1900 609.8 0 609.8 1156.07847701
CC user3 21 1900 609.8 0 609.8 1156.07847701
CC user3 22 1900 347.2 609.8 957.0 1503.27847701
CC user3 23 1900 347.2 609.8 957.0 1503.27847701
CC user3 24 1900 347.2 609.8 957.0 1768.67624784
CC user3 25 1900 347.2 609.8 957.0 1768.67624784
----------------------------------------------
EE user2 1 1200 208.142518997 416.285037994 624.427556991 624.427556991
EE user2 2 1200 208.142518997 416.285037994 624.427556991 624.427556991
EE user2 3 1200 208.142518997 416.285037994 624.427556991 624.427556991
EE user2 4 1200 208.142518997 416.285037994 624.427556991 624.427556991
EE user2 5 1200 208.142518997 416.285037994 624.427556991 624.427556991
EE user2 6 1200 208.142518997 416.285037994 624.427556991 624.427556991
EE user2 7 1200 208.142518997 416.285037994 624.427556991 624.427556991
EE user2 8 1200 208.142518997 416.285037994 624.427556991 624.427556991
EE user2 9 1200 208.142518997 416.285037994 624.427556991 624.427556991
EE user2 10 1200 208.142518997 416.285037994 624.427556991 624.427556991
EE user2 11 1200 208.142518997 416.285037994 624.427556991 624.427556991
EE user2 12 1200 208.142518997 416.285037994 624.427556991 624.427556991
EE user2 13 1200 405.240535736 624.427556991 1029.66809273 1029.66809273
EE user2 14 1200 405.240535736 624.427556991 1029.66809273 1029.66809273
EE user2 15 1200 405.240535736 624.427556991 1029.66809273 1029.66809273
EE user2 16 1200 405.240535736 624.427556991 1029.66809273 1029.66809273
EE user2 17 1200 405.240535736 624.427556991 1029.66809273 1029.66809273
EE user2 18 1200 405.240535736 624.427556991 1029.66809273 1029.66809273
EE user2 19 1200 405.240535736 624.427556991 1029.66809273 1029.66809273
EE user2 20 1200 405.240535736 624.427556991 1029.66809273 1029.66809273
EE user2 21 1200 405.240535736 624.427556991 1029.66809273 1029.66809273
EE user2 22 1200 405.240535736 624.427556991 1029.66809273 1029.66809273
EE user2 23 1200 405.240535736 624.427556991 1029.66809273 1029.66809273
EE user2 24 1200 405.240535736 624.427556991 1029.66809273 1029.66809273
EE user2 25 1200 405.240535736 624.427556991 1029.66809273 1029.66809273
EE user2 26 1200 405.240535736 624.427556991 1029.66809273 1029.66809273
EE user2 27 1200 405.240535736 624.427556991 1029.66809273 1029.66809273
EE user2 28 1200 405.240535736 624.427556991 1029.66809273 1029.66809273
EE user2 29 1200 405.240535736 624.427556991 1029.66809273 1029.66809273
EE user2 30 1200 405.240535736 624.427556991 1029.66809273 1029.66809273
EE user2 31 1200 405.240535736 624.427556991 1029.66809273 1029.66809273
EE user2 32 1200 405.240535736 624.427556991 1029.66809273 1029.66809273
EE user2 33 1200 405.240535736 624.427556991 1029.66809273 1029.66809273
EE user2 34 1200 405.240535736 624.427556991 1029.66809273 1029.66809273
EE user2 35 1200 405.240535736 624.427556991 1029.66809273 1029.66809273
EE user2 36 1200 405.240535736 624.427556991 1029.66809273 1029.66809273
EE user2 37 1200 405.240535736 624.427556991 1029.66809273 1029.66809273
EE user2 38 1200 405.240535736 624.427556991 1029.66809273 1029.66809273
EE user2 39 1200 405.240535736 624.427556991 1029.66809273 1029.66809273
EE user2 40 1200 405.240535736 624.427556991 1029.66809273 1029.66809273
EE user2 41 1200 405.240535736 624.427556991 1029.66809273 1029.66809273
EE user2 42 1200 405.240535736 624.427556991 1029.66809273 1029.66809273
EE user2 43 1200 405.240535736 624.427556991 1029.66809273 1029.66809273
EE user2 44 1200 405.240535736 624.427556991 1029.66809273 1029.66809273
EE user2 45 1200 405.240535736 624.427556991 1029.66809273 1029.66809273
EE user2 46 1200 405.240535736 624.427556991 1029.66809273 1029.66809273
EE user2 47 1200 405.240535736 624.427556991 1029.66809273 1029.66809273
EE user2 48 1200 405.240535736 624.427556991 1029.66809273 1029.66809273
EE user2 49 1200 405.240535736 624.427556991 1029.66809273 1029.66809273
EE user2 50 1200 405.240535736 624.427556991 1029.66809273 1029.66809273
EE user2 51 1200 405.240535736 624.427556991 1029.66809273 1029.66809273
EE user2 52 1200 405.240535736 624.427556991 1029.66809273 1029.66809273
EE user2 53 1200 405.240535736 624.427556991 1029.66809273 1029.66809273
EE user2 54 1200 405.240535736 624.427556991 1029.66809273 1029.66809273
EE user2 55 1200 405.240535736 624.427556991 1029.66809273 1029.66809273
EE user2 56 1200 405.240535736 624.427556991 1029.66809273 1029.66809273
EE user2 57 1200 405.240535736 624.427556991 1029.66809273 1029.66809273
EE user2 58 1200 405.240535736 624.427556991 1029.66809273 1029.66809273
EE user2 59 1200 405.240535736 624.427556991 1029.66809273 1029.66809273
EE user2 60 1200 405.240535736 624.427556991 1029.66809273 1029.66809273
EE user4 1 1300 208.142518997 0 208.142518997 325.690627098
EE user4 2 1300 208.142518997 0 208.142518997 325.690627098
EE user4 3 1300 208.142518997 0 208.142518997 325.690627098
EE user4 4 1300 208.142518997 0 208.142518997 325.690627098
EE user4 5 1300 208.142518997 0 208.142518997 325.690627098
EE user4 6 1300 208.142518997 0 208.142518997 325.690627098
EE user4 7 1300 208.142518997 0 208.142518997 325.690627098
EE user4 8 1300 208.142518997 0 208.142518997 325.690627098
EE user4 9 1300 208.142518997 0 208.142518997 325.690627098
EE user4 10 1300 208.142518997 0 208.142518997 325.690627098
EE user4 11 1300 208.142518997 0 208.142518997 325.690627098
EE user4 12 1300 208.142518997 0 208.142518997 325.690627098
EE user4 13 1300 208.142518997 0 208.142518997 325.690627098
EE user4 14 1300 208.142518997 0 208.142518997 325.690627098
EE user4 15 1300 208.142518997 0 208.142518997 325.690627098
EE user4 16 1300 208.142518997 0 208.142518997 325.690627098
EE user4 17 1300 208.142518997 0 208.142518997 325.690627098
EE user4 18 1300 208.142518997 0 208.142518997 325.690627098
EE user4 19 1300 208.142518997 0 208.142518997 325.690627098
EE user4 20 1300 208.142518997 0 208.142518997 325.690627098
EE user4 21 1300 208.142518997 0 208.142518997 325.690627098
EE user4 22 1300 208.142518997 0 208.142518997 325.690627098
EE user4 23 1300 208.142518997 0 208.142518997 325.690627098
EE user4 24 1300 208.142518997 0 208.142518997 325.690627098
EE user4 25 1300 208.142518997 208.142518997 416.285037994 651.381254196
EE user4 26 1300 208.142518997 208.142518997 416.285037994 651.381254196
EE user4 27 1300 208.142518997 208.142518997 416.285037994 651.381254196
EE user4 28 1300 208.142518997 208.142518997 416.285037994 651.381254196
EE user4 29 1300 208.142518997 208.142518997 416.285037994 651.381254196
EE user4 30 1300 208.142518997 208.142518997 416.285037994 651.381254196
EE user4 31 1300 208.142518997 208.142518997 416.285037994 651.381254196
EE user4 32 1300 208.142518997 208.142518997 416.285037994 651.381254196
EE user4 33 1300 208.142518997 208.142518997 416.285037994 651.381254196
EE user4 34 1300 208.142518997 208.142518997 416.285037994 651.381254196
EE user4 35 1300 208.142518997 208.142518997 416.285037994 651.381254196
EE user4 36 1300 208.142518997 208.142518997 416.285037994 651.381254196
EE user4 37 1300 208.142518997 208.142518997 416.285037994 651.381254196
EE user4 38 1300 208.142518997 208.142518997 416.285037994 651.381254196
EE user4 39 1300 208.142518997 208.142518997 416.285037994 651.381254196
EE user4 40 1300 208.142518997 208.142518997 416.285037994 651.381254196
EE user4 41 1300 208.142518997 208.142518997 416.285037994 651.381254196
EE user4 42 1300 208.142518997 208.142518997 416.285037994 651.381254196
EE user4 43 1300 208.142518997 208.142518997 416.285037994 651.381254196
EE user4 44 1300 208.142518997 208.142518997 416.285037994 651.381254196
EE user4 45 1300 208.142518997 208.142518997 416.285037994 651.381254196
EE user4 46 1300 208.142518997 208.142518997 416.285037994 651.381254196
EE user4 47 1300 208.142518997 208.142518997 416.285037994 651.381254196
EE user4 48 1300 208.142518997 208.142518997 416.285037994 651.381254196
EE user4 49 1300 208.142518997 416.285037994 624.427556991 977.071881294
EE user4 50 1300 208.142518997 416.285037994 624.427556991 977.071881294
EE user4 51 1300 208.142518997 416.285037994 624.427556991 977.071881294
EE user4 52 1300 208.142518997 416.285037994 624.427556991 977.071881294
EE user4 53 1300 208.142518997 416.285037994 624.427556991 977.071881294
EE user4 54 1300 208.142518997 416.285037994 624.427556991 977.071881294
EE user4 55 1300 208.142518997 416.285037994 624.427556991 977.071881294
EE user4 56 1300 208.142518997 416.285037994 624.427556991 977.071881294
EE user4 57 1300 208.142518997 416.285037994 624.427556991 977.071881294
EE user4 58 1300 208.142518997 416.285037994 624.427556991 977.071881294
EE user4 59 1300 208.142518997 416.285037994 624.427556991 977.071881294
EE user4 60 1300 208.142518997 416.285037994 624.427556991 977.071881294
----------------------------------------------
FF user2 1 1200 75.630068779 188.094377518 263.724446297 888.152003288
FF user2 2 1200 75.630068779 188.094377518 263.724446297 888.152003288
FF user2 3 1200 75.630068779 188.094377518 263.724446297 888.152003288
FF user2 4 1200 75.630068779 188.094377518 263.724446297 888.152003288
FF user2 5 1200 75.630068779 188.094377518 263.724446297 888.152003288
FF user2 6 1200 75.630068779 188.094377518 263.724446297 888.152003288
FF user2 7 1200 75.630068779 188.094377518 263.724446297 888.152003288
FF user2 8 1200 75.630068779 188.094377518 263.724446297 888.152003288
FF user2 9 1200 75.630068779 188.094377518 263.724446297 888.152003288
FF user2 10 1200 75.630068779 188.094377518 263.724446297 888.152003288
FF user2 11 1200 75.630068779 188.094377518 263.724446297 888.152003288
FF user2 12 1200 75.630068779 188.094377518 263.724446297 888.152003288
FF user2 13 1200 62.6981258392 125.396251678 188.094377518 1217.76247025
FF user2 14 1200 62.6981258392 125.396251678 188.094377518 1217.76247025
FF user2 15 1200 62.6981258392 125.396251678 188.094377518 1217.76247025
FF user2 16 1200 62.6981258392 125.396251678 188.094377518 1217.76247025
FF user2 17 1200 62.6981258392 125.396251678 188.094377518 1217.76247025
FF user2 18 1200 62.6981258392 125.396251678 188.094377518 1217.76247025
FF user2 19 1200 62.6981258392 125.396251678 188.094377518 1217.76247025
FF user2 20 1200 62.6981258392 125.396251678 188.094377518 1217.76247025
FF user2 21 1200 62.6981258392 125.396251678 188.094377518 1217.76247025
FF user2 22 1200 62.6981258392 125.396251678 188.094377518 1217.76247025
FF user2 23 1200 62.6981258392 125.396251678 188.094377518 1217.76247025
FF user2 24 1200 62.6981258392 125.396251678 188.094377518 1217.76247025
FF user2 25 1200 62.6981258392 125.396251678 188.094377518 1217.76247025
FF user2 26 1200 62.6981258392 125.396251678 188.094377518 1217.76247025
FF user2 27 1200 62.6981258392 125.396251678 188.094377518 1217.76247025
FF user2 28 1200 62.6981258392 125.396251678 188.094377518 1217.76247025
FF user2 29 1200 62.6981258392 125.396251678 188.094377518 1217.76247025
FF user2 30 1200 62.6981258392 125.396251678 188.094377518 1217.76247025
FF user2 31 1200 62.6981258392 125.396251678 188.094377518 1217.76247025
FF user2 32 1200 62.6981258392 125.396251678 188.094377518 1217.76247025
FF user2 33 1200 62.6981258392 125.396251678 188.094377518 1217.76247025
FF user2 34 1200 62.6981258392 125.396251678 188.094377518 1217.76247025
FF user2 35 1200 62.6981258392 125.396251678 188.094377518 1217.76247025
FF user2 36 1200 62.6981258392 125.396251678 188.094377518 1217.76247025
FF user2 37 1200 75.630068779 188.094377518 263.724446297 1293.39253902
FF user2 38 1200 75.630068779 188.094377518 263.724446297 1293.39253902
FF user2 39 1200 75.630068779 188.094377518 263.724446297 1293.39253902
FF user2 40 1200 75.630068779 188.094377518 263.724446297 1293.39253902
FF user2 41 1200 75.630068779 188.094377518 263.724446297 1293.39253902
FF user2 42 1200 75.630068779 188.094377518 263.724446297 1293.39253902
FF user2 43 1200 75.630068779 188.094377518 263.724446297 1293.39253902
FF user2 44 1200 75.630068779 188.094377518 263.724446297 1293.39253902
FF user2 45 1200 75.630068779 188.094377518 263.724446297 1293.39253902
FF user2 46 1200 75.630068779 188.094377518 263.724446297 1293.39253902
FF user2 47 1200 75.630068779 188.094377518 263.724446297 1293.39253902
FF user2 48 1200 75.630068779 188.094377518 263.724446297 1293.39253902
FF user2 49 1200 75.630068779 188.094377518 263.724446297 1293.39253902
FF user2 50 1200 75.630068779 188.094377518 263.724446297 1293.39253902
FF user2 51 1200 75.630068779 188.094377518 263.724446297 1293.39253902
FF user2 52 1200 75.630068779 188.094377518 263.724446297 1293.39253902
FF user2 53 1200 75.630068779 188.094377518 263.724446297 1293.39253902
FF user2 54 1200 75.630068779 188.094377518 263.724446297 1293.39253902
FF user2 55 1200 75.630068779 188.094377518 263.724446297 1293.39253902
FF user2 56 1200 75.630068779 188.094377518 263.724446297 1293.39253902
FF user2 57 1200 75.630068779 188.094377518 263.724446297 1293.39253902
FF user2 58 1200 75.630068779 188.094377518 263.724446297 1293.39253902
FF user2 59 1200 75.630068779 188.094377518 263.724446297 1293.39253902
FF user2 60 1200 75.630068779 188.094377518 263.724446297 1293.39253902
FF user4 1 1300 62.6981258392 0 62.6981258392 388.388752937
FF user4 2 1300 62.6981258392 0 62.6981258392 388.388752937
FF user4 3 1300 62.6981258392 0 62.6981258392 388.388752937
FF user4 4 1300 62.6981258392 0 62.6981258392 388.388752937
FF user4 5 1300 62.6981258392 0 62.6981258392 388.388752937
FF user4 6 1300 62.6981258392 0 62.6981258392 388.388752937
FF user4 7 1300 62.6981258392 0 62.6981258392 388.388752937
FF user4 8 1300 62.6981258392 0 62.6981258392 388.388752937
FF user4 9 1300 62.6981258392 0 62.6981258392 388.388752937
FF user4 10 1300 62.6981258392 0 62.6981258392 388.388752937
FF user4 11 1300 62.6981258392 0 62.6981258392 388.388752937
FF user4 12 1300 62.6981258392 0 62.6981258392 388.388752937
FF user4 13 1300 62.6981258392 0 62.6981258392 388.388752937
FF user4 14 1300 62.6981258392 0 62.6981258392 388.388752937
FF user4 15 1300 62.6981258392 0 62.6981258392 388.388752937
FF user4 16 1300 62.6981258392 0 62.6981258392 388.388752937
FF user4 17 1300 62.6981258392 0 62.6981258392 388.388752937
FF user4 18 1300 62.6981258392 0 62.6981258392 388.388752937
FF user4 19 1300 62.6981258392 0 62.6981258392 388.388752937
FF user4 20 1300 62.6981258392 0 62.6981258392 388.388752937
FF user4 21 1300 62.6981258392 0 62.6981258392 388.388752937
FF user4 22 1300 62.6981258392 0 62.6981258392 388.388752937
FF user4 23 1300 62.6981258392 0 62.6981258392 388.388752937
FF user4 24 1300 62.6981258392 0 62.6981258392 388.388752937
FF user4 25 1300 62.6981258392 0 62.6981258392 714.079380035
FF user4 26 1300 62.6981258392 0 62.6981258392 714.079380035
FF user4 27 1300 62.6981258392 0 62.6981258392 714.079380035
FF user4 28 1300 62.6981258392 0 62.6981258392 714.079380035
FF user4 29 1300 62.6981258392 62.6981258392 125.396251678 776.777505874
FF user4 30 1300 62.6981258392 62.6981258392 125.396251678 776.777505874
FF user4 31 1300 62.6981258392 62.6981258392 125.396251678 776.777505874
FF user4 32 1300 62.6981258392 62.6981258392 125.396251678 776.777505874
FF user4 33 1300 62.6981258392 62.6981258392 125.396251678 776.777505874
FF user4 34 1300 62.6981258392 62.6981258392 125.396251678 776.777505874
FF user4 35 1300 62.6981258392 62.6981258392 125.396251678 776.777505874
FF user4 36 1300 62.6981258392 62.6981258392 125.396251678 776.777505874
FF user4 37 1300 62.6981258392 62.6981258392 125.396251678 776.777505874
FF user4 38 1300 62.6981258392 62.6981258392 125.396251678 776.777505874
FF user4 39 1300 62.6981258392 62.6981258392 125.396251678 776.777505874
FF user4 40 1300 62.6981258392 62.6981258392 125.396251678 776.777505874
FF user4 41 1300 62.6981258392 62.6981258392 125.396251678 776.777505874
FF user4 42 1300 62.6981258392 62.6981258392 125.396251678 776.777505874
FF user4 43 1300 62.6981258392 62.6981258392 125.396251678 776.777505874
FF user4 44 1300 62.6981258392 62.6981258392 125.396251678 776.777505874
FF user4 45 1300 62.6981258392 62.6981258392 125.396251678 776.777505874
FF user4 46 1300 62.6981258392 62.6981258392 125.396251678 776.777505874
FF user4 47 1300 62.6981258392 62.6981258392 125.396251678 776.777505874
FF user4 48 1300 62.6981258392 62.6981258392 125.396251678 776.777505874
FF user4 49 1300 62.6981258392 62.6981258392 125.396251678 1102.46813297
FF user4 50 1300 62.6981258392 62.6981258392 125.396251678 1102.46813297
FF user4 51 1300 62.6981258392 62.6981258392 125.396251678 1102.46813297
FF user4 52 1300 62.6981258392 62.6981258392 125.396251678 1102.46813297
FF user4 53 1300 62.6981258392 62.6981258392 125.396251678 1102.46813297
FF user4 54 1300 62.6981258392 62.6981258392 125.396251678 1102.46813297
FF user4 55 1300 62.6981258392 62.6981258392 125.396251678 1102.46813297
FF user4 56 1300 62.6981258392 62.6981258392 125.396251678 1102.46813297
FF user4 57 1300 62.6981258392 125.396251678 188.094377518 1165.16625881
FF user4 58 1300 62.6981258392 125.396251678 188.094377518 1165.16625881
FF user4 59 1300 62.6981258392 125.396251678 188.094377518 1165.16625881
FF user4 60 1300 62.6981258392 125.396251678 188.094377518 1165.16625881
