----------------------------------------------
PP user1 1 2500 92.9700136184 0 92.9700136184 92.9700136184
PP user1 2 2500 92.9700136184 92.9700136184 185.940027237 185.940027237
PP user1 3 2500 92.9700136184 185.940027237 278.910040855 278.910040855
PP user1 4 2500 92.9700136184 278.910040855 371.880054474 371.880054474
PP user1 5 2500 92.9700136184 371.880054474 464.850068092 464.850068092
PP user1 6 2500 92.9700136184 464.850068092 557.820081711 557.820081711
PP user1 7 2500 92.9700136184 557.820081711 650.790095329 650.790095329
PP user1 8 2500 92.9700136184 650.790095329 743.760108948 743.760108948
PP user1 9 2500 92.9700136184 743.760108948 836.730122566 836.730122566
PP user1 10 2500 92.9700136184 836.730122566 929.700136185 929.700136185
PP user1 11 2500 92.9700136184 929.700136185 1022.6701498 1022.6701498
PP user1 12 2500 92.9700136184 1022.6701498 1115.64016342 1115.64016342
PP user1 13 2500 92.9700136184 1115.64016342 1208.61017704 1208.61017704
PP user1 14 2500 92.9700136184 1208.61017704 1301.58019066 1301.58019066
PP user1 15 2500 92.9700136184 1301.58019066 1394.55020428 1394.55020428
PP user1 16 2500 92.9700136184 1394.55020428 1487.5202179 1487.5202179
PP user1 17 2500 92.9700136184 1487.5202179 1580.49023151 1580.49023151
PP user1 18 2500 92.9700136184 1580.49023151 1673.46024513 1673.46024513
PP user1 19 2500 92.9700136184 1673.46024513 1766.43025875 1766.43025875
PP user1 20 2500 92.9700136184 1766.43025875 1859.40027237 1859.40027237
PP user1 21 2500 92.9700136184 1859.40027237 1952.37028599 1952.37028599
PP user1 22 2500 92.9700136184 1952.37028599 2045.34029961 2045.34029961
PP user1 23 2500 92.9700136184 2045.34029961 2138.31031322 2138.31031322
PP user1 24 2500 92.9700136184 2138.31031322 2231.28032684 2231.28032684
PP user1 25 2500 92.9700136184 2231.28032684 2324.25034046 2324.25034046
PP user1 26 2500 92.9700136184 2324.25034046 2417.22035408 2417.22035408
PP user1 27 2500 92.9700136184 2417.22035408 2510.1903677 2510.1903677
PP user1 28 2500 92.9700136184 2510.1903677 2603.16038132 2603.16038132
PP user1 29 2500 92.9700136184 2603.16038132 2696.13039494 2696.13039494
PP user1 30 2500 92.9700136184 2696.13039494 2789.10040855 2789.10040855
PP user1 31 2500 92.9700136184 2789.10040855 2882.07042217 2882.07042217
PP user1 32 2500 92.9700136184 2882.07042217 2975.04043579 2975.04043579
PP user1 33 2500 92.9700136184 2975.04043579 3068.01044941 3068.01044941
PP user1 34 2500 92.9700136184 3068.01044941 3160.98046303 3160.98046303
PP user1 35 2500 92.9700136184 3160.98046303 3253.95047665 3253.95047665
----------------------------------------------
DD user3 1 1900 27.6348590851 1658.0915451 1685.72640419 1685.72640419
DD user3 2 1900 27.6348590851 1685.72640419 1713.36126328 1713.36126328
DD user3 3 1900 27.6348590851 1713.36126328 1740.99612236 1740.99612236
DD user3 4 1900 27.6348590851 1740.99612236 1768.63098145 1768.63098145
DD user3 5 1900 27.6348590851 1768.63098145 1796.26584053 1796.26584053
DD user3 6 1900 27.6348590851 1796.26584053 1823.90069962 1823.90069962
DD user3 7 1900 27.6348590851 1823.90069962 1851.5355587 1851.5355587
DD user3 8 1900 27.6348590851 1851.5355587 1879.17041779 1879.17041779
DD user3 9 1900 27.6348590851 1879.17041779 1906.80527687 1906.80527687
DD user3 10 1900 27.6348590851 1906.80527687 1934.44013596 1934.44013596
DD user3 11 1900 27.6348590851 1934.44013596 1962.07499504 1962.07499504
DD user3 12 1900 27.6348590851 1962.07499504 1989.70985413 1989.70985413
DD user3 13 1900 27.6348590851 1989.70985413 2017.34471321 2017.34471321
DD user3 14 1900 27.6348590851 2017.34471321 2044.9795723 2044.9795723
DD user3 15 1900 27.6348590851 2044.9795723 2072.61443138 2072.61443138
DD user3 16 1900 27.6348590851 2072.61443138 2100.24929047 2100.24929047
DD user3 17 1900 27.6348590851 2100.24929047 2127.88414955 2127.88414955
DD user3 18 1900 27.6348590851 2127.88414955 2155.51900864 2155.51900864
DD user3 19 1900 27.6348590851 2155.51900864 2183.15386772 2183.15386772
DD user3 20 1900 27.6348590851 2183.15386772 2210.78872681 2210.78872681
DD user3 21 1900 27.6348590851 2210.78872681 2238.42358589 2238.42358589
DD user3 22 1900 27.6348590851 2238.42358589 2266.05844498 2266.05844498
DD user3 23 1900 27.6348590851 2266.05844498 2293.69330406 2293.69330406
DD user3 24 1900 27.6348590851 2293.69330406 2321.32816315 2321.32816315
DD user3 25 1900 27.6348590851 2321.32816315 2348.96302223 2348.96302223
DD user4 1 1300 27.6348590851 0 27.6348590851 27.6348590851
DD user4 2 1300 27.6348590851 27.6348590851 55.2697181702 55.2697181702
DD user4 3 1300 27.6348590851 55.2697181702 82.9045772552 82.9045772552
DD user4 4 1300 27.6348590851 82.9045772552 110.53943634 110.53943634
DD user4 5 1300 27.6348590851 110.53943634 138.174295425 138.174295425
DD user4 6 1300 27.6348590851 138.174295425 165.80915451 165.80915451
DD user4 7 1300 27.6348590851 165.80915451 193.444013596 193.444013596
DD user4 8 1300 27.6348590851 193.444013596 221.078872681 221.078872681
DD user4 9 1300 27.6348590851 221.078872681 248.713731766 248.713731766
DD user4 10 1300 27.6348590851 248.713731766 276.348590851 276.348590851
DD user4 11 1300 27.6348590851 276.348590851 303.983449936 303.983449936
DD user4 12 1300 27.6348590851 303.983449936 331.618309021 331.618309021
DD user4 13 1300 27.6348590851 331.618309021 359.253168106 359.253168106
DD user4 14 1300 27.6348590851 359.253168106 386.888027191 386.888027191
DD user4 15 1300 27.6348590851 386.888027191 414.522886276 414.522886276
DD user4 16 1300 27.6348590851 414.522886276 442.157745361 442.157745361
DD user4 17 1300 27.6348590851 442.157745361 469.792604446 469.792604446
DD user4 18 1300 27.6348590851 469.792604446 497.427463531 497.427463531
DD user4 19 1300 27.6348590851 497.427463531 525.062322617 525.062322617
DD user4 20 1300 27.6348590851 525.062322617 552.697181702 552.697181702
DD user4 21 1300 27.6348590851 552.697181702 580.332040787 580.332040787
DD user4 22 1300 27.6348590851 580.332040787 607.966899872 607.966899872
DD user4 23 1300 27.6348590851 607.966899872 635.601758957 635.601758957
DD user4 24 1300 27.6348590851 635.601758957 663.236618042 663.236618042
DD user4 25 1300 27.6348590851 663.236618042 690.871477127 690.871477127
DD user4 26 1300 27.6348590851 690.871477127 718.506336212 718.506336212
DD user4 27 1300 27.6348590851 718.506336212 746.141195297 746.141195297
DD user4 28 1300 27.6348590851 746.141195297 773.776054382 773.776054382
DD user4 29 1300 27.6348590851 773.776054382 801.410913467 801.410913467
DD user4 30 1300 27.6348590851 801.410913467 829.045772552 829.045772552
DD user4 31 1300 27.6348590851 829.045772552 856.680631638 856.680631638
DD user4 32 1300 27.6348590851 856.680631638 884.315490723 884.315490723
DD user4 33 1300 27.6348590851 884.315490723 911.950349808 911.950349808
DD user4 34 1300 27.6348590851 911.950349808 939.585208893 939.585208893
DD user4 35 1300 27.6348590851 939.585208893 967.220067978 967.220067978
DD user4 36 1300 27.6348590851 967.220067978 994.854927063 994.854927063
DD user4 37 1300 27.6348590851 994.854927063 1022.48978615 1022.48978615
DD user4 38 1300 27.6348590851 1022.48978615 1050.12464523 1050.12464523
DD user4 39 1300 27.6348590851 1050.12464523 1077.75950432 1077.75950432
DD user4 40 1300 27.6348590851 1077.75950432 1105.3943634 1105.3943634
DD user4 41 1300 27.6348590851 1105.3943634 1133.02922249 1133.02922249
DD user4 42 1300 27.6348590851 1133.02922249 1160.66408157 1160.66408157
DD user4 43 1300 27.6348590851 1160.66408157 1188.29894066 1188.29894066
DD user4 44 1300 27.6348590851 1188.29894066 1215.93379974 1215.93379974
DD user4 45 1300 27.6348590851 1215.93379974 1243.56865883 1243.56865883
DD user4 46 1300 27.6348590851 1243.56865883 1271.20351791 1271.20351791
DD user4 47 1300 27.6348590851 1271.20351791 1298.838377 1298.838377
DD user4 48 1300 27.6348590851 1298.838377 1326.47323608 1326.47323608
DD user4 49 1300 27.6348590851 1326.47323608 1354.10809517 1354.10809517
DD user4 50 1300 27.6348590851 1354.10809517 1381.74295425 1381.74295425
DD user4 51 1300 27.6348590851 1381.74295425 1409.37781334 1409.37781334
DD user4 52 1300 27.6348590851 1409.37781334 1437.01267242 1437.01267242
DD user4 53 1300 27.6348590851 1437.01267242 1464.64753151 1464.64753151
DD user4 54 1300 27.6348590851 1464.64753151 1492.28239059 1492.28239059
DD user4 55 1300 27.6348590851 1492.28239059 1519.91724968 1519.91724968
DD user4 56 1300 27.6348590851 1519.91724968 1547.55210876 1547.55210876
DD user4 57 1300 27.6348590851 1547.55210876 1575.18696785 1575.18696785
DD user4 58 1300 27.6348590851 1575.18696785 1602.82182693 1602.82182693
DD user4 59 1300 27.6348590851 1602.82182693 1630.45668602 1630.45668602
DD user4 60 1300 27.6348590851 1630.45668602 1658.0915451 1658.0915451
----------------------------------------------
BB user1 1 2500 25.1984583333 1486.70904167 1511.9075 1604.87751362
BB user1 2 2500 25.1984583333 1461.51058333 1486.70904167 1672.6490689
BB user1 3 2500 25.1984583333 1436.312125 1461.51058333 1740.42062419
BB user1 4 2500 25.1984583333 1411.11366667 1436.312125 1808.19217947
BB user1 5 2500 25.1984583333 1385.91520833 1411.11366667 1875.96373476
BB user1 6 2500 25.1984583333 1360.71675 1385.91520833 1943.73529004
BB user1 7 2500 25.1984583333 1335.51829167 1360.71675 2011.50684533
BB user1 8 2500 25.1984583333 1310.31983333 1335.51829167 2079.27840061
BB user1 9 2500 25.1984583333 1285.121375 1310.31983333 2147.0499559
BB user1 10 2500 25.1984583333 1259.92291667 1285.121375 2214.82151118
BB user1 11 2500 25.1984583333 1234.72445833 1259.92291667 2282.59306647
BB user1 12 2500 25.1984583333 1209.526 1234.72445833 2350.36462175
BB user1 13 2500 25.1984583333 1184.32754167 1209.526 2418.13617704
BB user1 14 2500 25.1984583333 1159.12908333 1184.32754167 2485.90773232
BB user1 15 2500 25.1984583333 1133.930625 1159.12908333 2553.67928761
BB user1 16 2500 25.1984583333 1108.73216667 1133.930625 2621.4508429
BB user1 17 2500 25.1984583333 1083.53370833 1108.73216667 2689.22239818
BB user1 18 2500 25.1984583333 1058.33525 1083.53370833 2756.99395347
BB user1 19 2500 25.1984583333 1033.13679167 1058.33525 2824.76550875
BB user1 20 2500 25.1984583333 1007.93833333 1033.13679167 2892.53706404
BB user1 21 2500 25.1984583333 982.739875 1007.93833333 2960.30861932
BB user1 22 2500 25.1984583333 957.541416667 982.739875 3028.08017461
BB user1 23 2500 25.1984583333 932.342958333 957.541416667 3095.85172989
BB user1 24 2500 25.1984583333 907.1445 932.342958333 3163.62328518
BB user1 25 2500 25.1984583333 881.946041667 907.1445 3231.39484046
BB user1 26 2500 25.1984583333 856.747583333 881.946041667 3299.16639575
BB user1 27 2500 25.1984583333 831.549125 856.747583333 3366.93795103
BB user1 28 2500 25.1984583333 806.350666667 831.549125 3434.70950632
BB user1 29 2500 25.1984583333 781.152208333 806.350666667 3502.4810616
BB user1 30 2500 25.1984583333 705.556833333 730.755291667 3519.85570022
BB user1 31 2500 25.1984583333 579.564541667 604.763 3486.83342217
BB user1 32 2500 25.1984583333 478.770708333 503.969166667 3479.00960246
BB user1 33 2500 25.1984583333 377.976875 403.175333333 3471.18578274
BB user1 34 2500 25.1984583333 251.984583333 277.183041667 3438.16350469
BB user1 35 2500 25.1984583333 151.19075 176.389208333 3430.33968498
BB user3 1 1900 25.1984583333 755.95375 781.152208333 2466.87861252
BB user3 2 1900 25.1984583333 730.755291667 755.95375 2469.31501328
BB user3 3 1900 25.1984583333 680.358375 705.556833333 2446.55295569
BB user3 4 1900 25.1984583333 655.159916667 680.358375 2448.98935645
BB user3 5 1900 25.1984583333 629.961458333 655.159916667 2451.4257572
BB user3 6 1900 25.1984583333 604.763 629.961458333 2453.86215795
BB user3 7 1900 25.1984583333 554.366083333 579.564541667 2431.10010037
BB user3 8 1900 25.1984583333 529.167625 554.366083333 2433.53650112
BB user3 9 1900 25.1984583333 503.969166667 529.167625 2435.97290187
BB user3 10 1900 25.1984583333 453.57225 478.770708333 2413.21084429
BB user3 11 1900 25.1984583333 428.373791667 453.57225 2415.64724504
BB user3 12 1900 25.1984583333 403.175333333 428.373791667 2418.08364579
BB user3 13 1900 25.1984583333 352.778416667 377.976875 2395.32158821
BB user3 14 1900 25.1984583333 327.579958333 352.778416667 2397.75798896
BB user3 15 1900 25.1984583333 302.3815 327.579958333 2400.19438971
BB user3 16 1900 25.1984583333 277.183041667 302.3815 2402.63079047
BB user3 17 1900 25.1984583333 226.786125 251.984583333 2379.86873288
BB user3 18 1900 25.1984583333 201.587666667 226.786125 2382.30513364
BB user3 19 1900 25.1984583333 176.389208333 201.587666667 2384.74153439
BB user3 20 1900 25.1984583333 125.992291667 151.19075 2361.97947681
BB user3 21 1900 25.1984583333 100.793833333 125.992291667 2364.41587756
BB user3 22 1900 25.1984583333 75.595375 100.793833333 2366.85227831
BB user3 23 1900 25.1984583333 50.3969166667 75.595375 2369.28867906
BB user3 24 1900 25.1984583333 25.1984583333 50.3969166667 2371.72507981
BB user3 25 1900 25.1984583333 0 25.1984583333 2374.16148057
----------------------------------------------
CC user1 1 2500 239.8 14148.2 14388.0 15992.8775136
CC user1 2 2500 239.8 13908.4 14148.2 15820.8490689
CC user1 3 2500 239.8 13668.6 13908.4 15648.8206242
CC user1 4 2500 239.8 13428.8 13668.6 15476.7921795
CC user1 5 2500 239.8 13189.0 13428.8 15304.7637348
CC user1 6 2500 239.8 12949.2 13189.0 15132.73529
CC user1 7 2500 239.8 12709.4 12949.2 14960.7068453
CC user1 8 2500 239.8 12469.6 12709.4 14788.6784006
CC user1 9 2500 239.8 12229.8 12469.6 14616.6499559
CC user1 10 2500 239.8 11990.0 12229.8 14444.6215112
CC user1 11 2500 239.8 11750.2 11990.0 14272.5930665
CC user1 12 2500 239.8 11510.4 11750.2 14100.5646218
CC user1 13 2500 239.8 11270.6 11510.4 13928.536177
CC user1 14 2500 239.8 11030.8 11270.6 13756.5077323
CC user1 15 2500 239.8 10791.0 11030.8 13584.4792876
CC user1 16 2500 239.8 10551.2 10791.0 13412.4508429
CC user1 17 2500 239.8 10311.4 10551.2 13240.4223982
CC user1 18 2500 239.8 10071.6 10311.4 13068.3939535
CC user1 19 2500 239.8 9831.8 10071.6 12896.3655088
CC user1 20 2500 239.8 9592.0 9831.8 12724.337064
CC user1 21 2500 239.8 9352.2 9592.0 12552.3086193
CC user1 22 2500 239.8 9112.4 9352.2 12380.2801746
CC user1 23 2500 239.8 8872.6 9112.4 12208.2517299
CC user1 24 2500 239.8 8632.8 8872.6 12036.2232852
CC user1 25 2500 239.8 8393.0 8632.8 11864.1948405
CC user1 26 2500 239.8 8153.2 8393.0 11692.1663957
CC user1 27 2500 239.8 7433.8 7673.6 11040.537951
CC user1 28 2500 239.8 6474.6 6714.4 10149.1095063
CC user1 29 2500 239.8 5515.4 5755.2 9257.6810616
CC user1 30 2500 239.8 4316.4 4556.2 8076.05570022
CC user1 31 2500 239.8 3357.2 3597.0 7083.83342217
CC user1 32 2500 239.8 2158.2 2398.0 5877.00960246
CC user1 33 2500 239.8 1199.0 1438.8 4909.98578274
CC user1 34 2500 239.8 239.8 479.6 3917.76350469
CC user1 35 2500 239.8 0 239.8 3670.13968498
CC user3 1 1900 239.8 7913.4 8153.2 10620.0786125
CC user3 2 1900 239.8 7673.6 7913.4 10382.7150133
CC user3 3 1900 239.8 7194.0 7433.8 9880.35295569
CC user3 4 1900 239.8 6954.2 7194.0 9642.98935645
CC user3 5 1900 239.8 6714.4 6954.2 9405.6257572
CC user3 6 1900 239.8 6234.8 6474.6 8928.46215795
CC user3 7 1900 239.8 5995.0 6234.8 8665.90010037
CC user3 8 1900 239.8 5755.2 5995.0 8428.53650112
CC user3 9 1900 239.8 5275.6 5515.4 7951.37290187
CC user3 10 1900 239.8 5035.8 5275.6 7688.81084429
CC user3 11 1900 239.8 4796.0 5035.8 7451.44724504
CC user3 12 1900 239.8 4556.2 4796.0 7214.08364579
CC user3 13 1900 239.8 4076.6 4316.4 6711.72158821
CC user3 14 1900 239.8 3836.8 4076.6 6474.35798896
CC user3 15 1900 239.8 3597.0 3836.8 6236.99438971
CC user3 16 1900 239.8 3117.4 3357.2 5759.83079047
CC user3 17 1900 239.8 2877.6 3117.4 5497.26873288
CC user3 18 1900 239.8 2637.8 2877.6 5259.90513364
CC user3 19 1900 239.8 2398.0 2637.8 5022.54153439
CC user3 20 1900 239.8 1918.4 2158.2 4520.17947681
CC user3 21 1900 239.8 1678.6 1918.4 4282.81587756
CC user3 22 1900 239.8 1438.8 1678.6 4045.45227831
CC user3 23 1900 239.8 959.2 1199.0 3568.28867906
CC user3 24 1900 239.8 719.4 959.2 3330.92507981
CC user3 25 1900 239.8 479.6 719.4 3093.56148057
----------------------------------------------
EE user2 1 1200 15.3764486313 922.586917878 937.963366509 937.963366509
EE user2 2 1200 15.3764486313 937.963366509 953.339815141 953.339815141
EE user2 3 1200 15.3764486313 953.339815141 968.716263772 968.716263772
EE user2 4 1200 15.3764486313 968.716263772 984.092712403 984.092712403
EE user2 5 1200 15.3764486313 984.092712403 999.469161035 999.469161035
EE user2 6 1200 15.3764486313 999.469161035 1014.84560967 1014.84560967
EE user2 7 1200 15.3764486313 1014.84560967 1030.2220583 1030.2220583
EE user2 8 1200 15.3764486313 1030.2220583 1045.59850693 1045.59850693
EE user2 9 1200 15.3764486313 1045.59850693 1060.97495556 1060.97495556
EE user2 10 1200 15.3764486313 1060.97495556 1076.35140419 1076.35140419
EE user2 11 1200 15.3764486313 1076.35140419 1091.72785282 1091.72785282
EE user2 12 1200 15.3764486313 1091.72785282 1107.10430145 1107.10430145
EE user2 13 1200 15.3764486313 1107.10430145 1122.48075008 1122.48075008
EE user2 14 1200 15.3764486313 1122.48075008 1137.85719872 1137.85719872
EE user2 15 1200 15.3764486313 1137.85719872 1153.23364735 1153.23364735
EE user2 16 1200 15.3764486313 1153.23364735 1168.61009598 1168.61009598
EE user2 17 1200 15.3764486313 1168.61009598 1183.98654461 1183.98654461
EE user2 18 1200 15.3764486313 1183.98654461 1199.36299324 1199.36299324
EE user2 19 1200 15.3764486313 1199.36299324 1214.73944187 1214.73944187
EE user2 20 1200 15.3764486313 1214.73944187 1230.1158905 1230.1158905
EE user2 21 1200 15.3764486313 1230.1158905 1245.49233914 1245.49233914
EE user2 22 1200 15.3764486313 1245.49233914 1260.86878777 1260.86878777
EE user2 23 1200 15.3764486313 1260.86878777 1276.2452364 1276.2452364
EE user2 24 1200 15.3764486313 1276.2452364 1291.62168503 1291.62168503
EE user2 25 1200 15.3764486313 1291.62168503 1306.99813366 1306.99813366
EE user2 26 1200 15.3764486313 1306.99813366 1322.37458229 1322.37458229
EE user2 27 1200 15.3764486313 1322.37458229 1337.75103092 1337.75103092
EE user2 28 1200 15.3764486313 1337.75103092 1353.12747955 1353.12747955
EE user2 29 1200 15.3764486313 1353.12747955 1368.50392819 1368.50392819
EE user2 30 1200 15.3764486313 1368.50392819 1383.88037682 1383.88037682
EE user2 31 1200 15.3764486313 1383.88037682 1399.25682545 1399.25682545
EE user2 32 1200 15.3764486313 1399.25682545 1414.63327408 1414.63327408
EE user2 33 1200 15.3764486313 1414.63327408 1430.00972271 1430.00972271
EE user2 34 1200 15.3764486313 1430.00972271 1445.38617134 1445.38617134
EE user2 35 1200 15.3764486313 1445.38617134 1460.76261997 1460.76261997
EE user2 36 1200 15.3764486313 1460.76261997 1476.1390686 1476.1390686
EE user2 37 1200 15.3764486313 1476.1390686 1491.51551724 1491.51551724
EE user2 38 1200 15.3764486313 1491.51551724 1506.89196587 1506.89196587
EE user2 39 1200 15.3764486313 1506.89196587 1522.2684145 1522.2684145
EE user2 40 1200 15.3764486313 1522.2684145 1537.64486313 1537.64486313
EE user2 41 1200 15.3764486313 1537.64486313 1553.02131176 1553.02131176
EE user2 42 1200 15.3764486313 1553.02131176 1568.39776039 1568.39776039
EE user2 43 1200 15.3764486313 1568.39776039 1583.77420902 1583.77420902
EE user2 44 1200 15.3764486313 1583.77420902 1599.15065766 1599.15065766
EE user2 45 1200 15.3764486313 1599.15065766 1614.52710629 1614.52710629
EE user2 46 1200 15.3764486313 1614.52710629 1629.90355492 1629.90355492
EE user2 47 1200 15.3764486313 1629.90355492 1645.28000355 1645.28000355
EE user2 48 1200 15.3764486313 1645.28000355 1660.65645218 1660.65645218
EE user2 49 1200 15.3764486313 1660.65645218 1676.03290081 1676.03290081
EE user2 50 1200 15.3764486313 1676.03290081 1691.40934944 1691.40934944
EE user2 51 1200 15.3764486313 1691.40934944 1706.78579807 1706.78579807
EE user2 52 1200 15.3764486313 1706.78579807 1722.16224671 1722.16224671
EE user2 53 1200 15.3764486313 1722.16224671 1737.53869534 1737.53869534
EE user2 54 1200 15.3764486313 1737.53869534 1752.91514397 1752.91514397
EE user2 55 1200 15.3764486313 1752.91514397 1768.2915926 1768.2915926
EE user2 56 1200 15.3764486313 1768.2915926 1783.66804123 1783.66804123
EE user2 57 1200 15.3764486313 1783.66804123 1799.04448986 1799.04448986
EE user2 58 1200 15.3764486313 1799.04448986 1814.42093849 1814.42093849
EE user2 59 1200 15.3764486313 1814.42093849 1829.79738712 1829.79738712
EE user2 60 1200 15.3764486313 1829.79738712 1845.17383576 1845.17383576
EE user4 1 1300 15.3764486313 0 15.3764486313 43.0113077164
EE user4 2 1300 15.3764486313 15.3764486313 30.7528972626 86.0226154328
EE user4 3 1300 15.3764486313 30.7528972626 46.1293458939 129.033923149
EE user4 4 1300 15.3764486313 46.1293458939 61.5057945252 172.045230866
EE user4 5 1300 15.3764486313 61.5057945252 76.8822431565 215.056538582
EE user4 6 1300 15.3764486313 76.8822431565 92.2586917878 258.067846298
EE user4 7 1300 15.3764486313 92.2586917878 107.635140419 301.079154015
EE user4 8 1300 15.3764486313 107.635140419 123.01158905 344.090461731
EE user4 9 1300 15.3764486313 123.01158905 138.388037682 387.101769447
EE user4 10 1300 15.3764486313 138.388037682 153.764486313 430.113077164
EE user4 11 1300 15.3764486313 153.764486313 169.140934944 473.12438488
EE user4 12 1300 15.3764486313 169.140934944 184.517383576 516.135692597
EE user4 13 1300 15.3764486313 184.517383576 199.893832207 559.147000313
EE user4 14 1300 15.3764486313 199.893832207 215.270280838 602.158308029
EE user4 15 1300 15.3764486313 215.270280838 230.64672947 645.169615746
EE user4 16 1300 15.3764486313 230.64672947 246.023178101 688.180923462
EE user4 17 1300 15.3764486313 246.023178101 261.399626732 731.192231179
EE user4 18 1300 15.3764486313 261.399626732 276.776075363 774.203538895
EE user4 19 1300 15.3764486313 276.776075363 292.152523995 817.214846611
EE user4 20 1300 15.3764486313 292.152523995 307.528972626 860.226154328
EE user4 21 1300 15.3764486313 307.528972626 322.905421257 903.237462044
EE user4 22 1300 15.3764486313 322.905421257 338.281869889 946.24876976
EE user4 23 1300 15.3764486313 338.281869889 353.65831852 989.260077477
EE user4 24 1300 15.3764486313 353.65831852 369.034767151 1032.27138519
EE user4 25 1300 15.3764486313 369.034767151 384.411215782 1075.28269291
EE user4 26 1300 15.3764486313 384.411215782 399.787664414 1118.29400063
EE user4 27 1300 15.3764486313 399.787664414 415.164113045 1161.30530834
EE user4 28 1300 15.3764486313 415.164113045 430.540561676 1204.31661606
EE user4 29 1300 15.3764486313 430.540561676 445.917010308 1247.32792378
EE user4 30 1300 15.3764486313 445.917010308 461.293458939 1290.33923149
EE user4 31 1300 15.3764486313 461.293458939 476.66990757 1333.35053921
EE user4 32 1300 15.3764486313 476.66990757 492.046356202 1376.36184692
EE user4 33 1300 15.3764486313 492.046356202 507.422804833 1419.37315464
EE user4 34 1300 15.3764486313 507.422804833 522.799253464 1462.38446236
EE user4 35 1300 15.3764486313 522.799253464 538.175702095 1505.39577007
EE user4 36 1300 15.3764486313 538.175702095 553.552150727 1548.40707779
EE user4 37 1300 15.3764486313 553.552150727 568.928599358 1591.41838551
EE user4 38 1300 15.3764486313 568.928599358 584.305047989 1634.42969322
EE user4 39 1300 15.3764486313 584.305047989 599.681496621 1677.44100094
EE user4 40 1300 15.3764486313 599.681496621 615.057945252 1720.45230866
EE user4 41 1300 15.3764486313 615.057945252 630.434393883 1763.46361637
EE user4 42 1300 15.3764486313 630.434393883 645.810842515 1806.47492409
EE user4 43 1300 15.3764486313 645.810842515 661.187291146 1849.4862318
EE user4 44 1300 15.3764486313 661.187291146 676.563739777 1892.49753952
EE user4 45 1300 15.3764486313 676.563739777 691.940188409 1935.50884724
EE user4 46 1300 15.3764486313 691.940188409 707.31663704 1978.52015495
EE user4 47 1300 15.3764486313 707.31663704 722.693085671 2021.53146267
EE user4 48 1300 15.3764486313 722.693085671 738.069534302 2064.54277039
EE user4 49 1300 15.3764486313 738.069534302 753.445982934 2107.5540781
EE user4 50 1300 15.3764486313 753.445982934 768.822431565 2150.56538582
EE user4 51 1300 15.3764486313 768.822431565 784.198880196 2193.57669354
EE user4 52 1300 15.3764486313 784.198880196 799.575328828 2236.58800125
EE user4 53 1300 15.3764486313 799.575328828 814.951777459 2279.59930897
EE user4 54 1300 15.3764486313 814.951777459 830.32822609 2322.61061668
EE user4 55 1300 15.3764486313 830.32822609 845.704674722 2365.6219244
EE user4 56 1300 15.3764486313 845.704674722 861.081123353 2408.63323212
EE user4 57 1300 15.3764486313 861.081123353 876.457571984 2451.64453983
EE user4 58 1300 15.3764486313 876.457571984 891.834020615 2494.65584755
EE user4 59 1300 15.3764486313 891.834020615 907.210469247 2537.66715527
EE user4 60 1300 15.3764486313 907.210469247 922.586917878 2580.67846298
----------------------------------------------
FF user2 1 1200 27.5874137879 3282.90224075 3310.48965454 4248.45302105
FF user2 2 1200 27.5874137879 3255.31482697 3282.90224075 4236.24205589
FF user2 3 1200 27.5874137879 3227.72741318 3255.31482697 4224.03109074
FF user2 4 1200 27.5874137879 3200.13999939 3227.72741318 4211.82012558
FF user2 5 1200 27.5874137879 3172.5525856 3200.13999939 4199.60916043
FF user2 6 1200 27.5874137879 3144.96517181 3172.5525856 4187.39819527
FF user2 7 1200 27.5874137879 3117.37775803 3144.96517181 4175.18723011
FF user2 8 1200 27.5874137879 3089.79034424 3117.37775803 4162.97626496
FF user2 9 1200 27.5874137879 3062.20293045 3089.79034424 4150.7652998
FF user2 10 1200 27.5874137879 3034.61551666 3062.20293045 4138.55433464
FF user2 11 1200 27.5874137879 3007.02810288 3034.61551666 4126.34336949
FF user2 12 1200 27.5874137879 2979.44068909 3007.02810288 4114.13240433
FF user2 13 1200 27.5874137879 2951.8532753 2979.44068909 4101.92143917
FF user2 14 1200 27.5874137879 2924.26586151 2951.8532753 4089.71047402
FF user2 15 1200 27.5874137879 1241.43362045 1269.02103424 2422.25468159
FF user2 16 1200 27.5874137879 1213.84620667 1241.43362045 2410.04371643
FF user2 17 1200 27.5874137879 1186.25879288 1213.84620667 2397.83275128
FF user2 18 1200 27.5874137879 1158.67137909 1186.25879288 2385.62178612
FF user2 19 1200 27.5874137879 1131.0839653 1158.67137909 2373.41082096
FF user2 20 1200 27.5874137879 1103.49655151 1131.0839653 2361.19985581
FF user2 21 1200 27.5874137879 1075.90913773 1103.49655151 2348.98889065
FF user2 22 1200 27.5874137879 1048.32172394 1075.90913773 2336.77792549
FF user2 23 1200 27.5874137879 1020.73431015 1048.32172394 2324.56696034
FF user2 24 1200 27.5874137879 993.146896363 1020.73431015 2312.35599518
FF user2 25 1200 27.5874137879 965.559482575 993.146896363 2300.14503002
FF user2 26 1200 27.5874137879 937.972068787 965.559482575 2287.93406487
FF user2 27 1200 27.5874137879 910.384654999 937.972068787 2275.72309971
FF user2 28 1200 27.5874137879 882.797241211 910.384654999 2263.51213455
FF user2 29 1200 27.5874137879 855.209827423 882.797241211 2251.3011694
FF user2 30 1200 27.5874137879 827.622413635 855.209827423 2239.09020424
FF user2 31 1200 27.5874137879 800.034999848 827.622413635 2226.87923908
FF user2 32 1200 27.5874137879 772.44758606 800.034999848 2214.66827393
FF user2 33 1200 27.5874137879 744.860172272 772.44758606 2202.45730877
FF user2 34 1200 27.5874137879 717.272758484 744.860172272 2190.24634361
FF user2 35 1200 27.5874137879 689.685344696 717.272758484 2178.03537846
FF user2 36 1200 27.5874137879 662.097930908 689.685344696 2165.8244133
FF user2 37 1200 27.5874137879 634.510517121 662.097930908 2153.61344814
FF user2 38 1200 27.5874137879 606.923103333 634.510517121 2141.40248299
FF user2 39 1200 27.5874137879 579.335689545 606.923103333 2129.19151783
FF user2 40 1200 27.5874137879 551.748275757 579.335689545 2116.98055267
FF user2 41 1200 27.5874137879 524.160861969 551.748275757 2104.76958752
FF user2 42 1200 27.5874137879 496.573448181 524.160861969 2092.55862236
FF user2 43 1200 27.5874137879 468.986034393 496.573448181 2080.34765721
FF user2 44 1200 27.5874137879 441.398620606 468.986034393 2068.13669205
FF user2 45 1200 27.5874137879 413.811206818 441.398620606 2055.92572689
FF user2 46 1200 27.5874137879 386.22379303 413.811206818 2043.71476174
FF user2 47 1200 27.5874137879 358.636379242 386.22379303 2031.50379658
FF user2 48 1200 27.5874137879 331.048965454 358.636379242 2019.29283142
FF user2 49 1200 27.5874137879 303.461551666 331.048965454 2007.08186627
FF user2 50 1200 27.5874137879 275.874137879 303.461551666 1994.87090111
FF user2 51 1200 27.5874137879 248.286724091 275.874137879 1982.65993595
FF user2 52 1200 27.5874137879 220.699310303 248.286724091 1970.4489708
FF user2 53 1200 27.5874137879 193.111896515 220.699310303 1958.23800564
FF user2 54 1200 27.5874137879 165.524482727 193.111896515 1946.02704048
FF user2 55 1200 27.5874137879 137.937068939 165.524482727 1933.81607533
FF user2 56 1200 27.5874137879 110.349655151 137.937068939 1921.60511017
FF user2 57 1200 27.5874137879 82.7622413636 110.349655151 1909.39414501
FF user2 58 1200 27.5874137879 55.1748275757 82.7622413636 1897.18317986
FF user2 59 1200 27.5874137879 27.5874137879 55.1748275757 1884.9722147
FF user2 60 1200 27.5874137879 0 27.5874137879 1872.76124954
FF user4 1 1300 27.5874137879 1269.02103424 1296.60844803 1339.61975575
FF user4 2 1300 27.5874137879 1296.60844803 1324.19586182 1410.21847725
FF user4 3 1300 27.5874137879 1324.19586182 1351.7832756 1480.81719875
FF user4 4 1300 27.5874137879 1351.7832756 1379.37068939 1551.41592026
FF user4 5 1300 27.5874137879 1379.37068939 1406.95810318 1622.01464176
FF user4 6 1300 27.5874137879 1406.95810318 1434.54551697 1692.61336327
FF user4 7 1300 27.5874137879 1434.54551697 1462.13293076 1763.21208477
FF user4 8 1300 27.5874137879 1462.13293076 1489.72034454 1833.81080627
FF user4 9 1300 27.5874137879 1489.72034454 1517.30775833 1904.40952778
FF user4 10 1300 27.5874137879 1517.30775833 1544.89517212 1975.00824928
FF user4 11 1300 27.5874137879 1544.89517212 1572.48258591 2045.60697079
FF user4 12 1300 27.5874137879 1572.48258591 1600.0699997 2116.20569229
FF user4 13 1300 27.5874137879 1600.0699997 1627.65741348 2186.8044138
FF user4 14 1300 27.5874137879 1627.65741348 1655.24482727 2257.4031353
FF user4 15 1300 27.5874137879 1655.24482727 1682.83224106 2328.0018568
FF user4 16 1300 27.5874137879 1682.83224106 1710.41965485 2398.60057831
FF user4 17 1300 27.5874137879 1710.41965485 1738.00706863 2469.19929981
FF user4 18 1300 27.5874137879 1738.00706863 1765.59448242 2539.79802132
FF user4 19 1300 27.5874137879 1765.59448242 1793.18189621 2610.39674282
FF user4 20 1300 27.5874137879 1793.18189621 1820.76931 2680.99546433
FF user4 21 1300 27.5874137879 1820.76931 1848.35672379 2751.59418583
FF user4 22 1300 27.5874137879 1848.35672379 1875.94413757 2822.19290733
FF user4 23 1300 27.5874137879 1875.94413757 1903.53155136 2892.79162884
FF user4 24 1300 27.5874137879 1903.53155136 1931.11896515 2963.39035034
FF user4 25 1300 27.5874137879 1931.11896515 1958.70637894 3033.98907185
FF user4 26 1300 27.5874137879 1958.70637894 1986.29379273 3104.58779335
FF user4 27 1300 27.5874137879 1986.29379273 2013.88120651 3175.18651486
FF user4 28 1300 27.5874137879 2013.88120651 2041.4686203 3245.78523636
FF user4 29 1300 27.5874137879 2041.4686203 2069.05603409 3316.38395786
FF user4 30 1300 27.5874137879 2069.05603409 2096.64344788 3386.98267937
FF user4 31 1300 27.5874137879 2096.64344788 2124.23086166 3457.58140087
FF user4 32 1300 27.5874137879 2124.23086166 2151.81827545 3528.18012238
FF user4 33 1300 27.5874137879 2151.81827545 2179.40568924 3598.77884388
FF user4 34 1300 27.5874137879 2179.40568924 2206.99310303 3669.37756539
FF user4 35 1300 27.5874137879 2206.99310303 2234.58051682 3739.97628689
FF user4 36 1300 27.5874137879 2234.58051682 2262.1679306 3810.57500839
FF user4 37 1300 27.5874137879 2262.1679306 2289.75534439 3881.1737299
FF user4 38 1300 27.5874137879 2289.75534439 2317.34275818 3951.7724514
FF user4 39 1300 27.5874137879 2317.34275818 2344.93017197 4022.37117291
FF user4 40 1300 27.5874137879 2344.93017197 2372.51758576 4092.96989441
FF user4 41 1300 27.5874137879 2372.51758576 2400.10499954 4163.56861591
FF user4 42 1300 27.5874137879 2400.10499954 2427.69241333 4234.16733742
FF user4 43 1300 27.5874137879 2427.69241333 2455.27982712 4304.76605892
FF user4 44 1300 27.5874137879 2455.27982712 2482.86724091 4375.36478043
FF user4 45 1300 27.5874137879 2482.86724091 2510.45465469 4445.96350193
FF user4 46 1300 27.5874137879 2510.45465469 2538.04206848 4516.56222344
FF user4 47 1300 27.5874137879 2538.04206848 2565.62948227 4587.16094494
FF user4 48 1300 27.5874137879 2565.62948227 2593.21689606 4657.75966644
FF user4 49 1300 27.5874137879 2593.21689606 2620.80430985 4728.35838795
FF user4 50 1300 27.5874137879 2620.80430985 2648.39172363 4798.95710945
FF user4 51 1300 27.5874137879 2648.39172363 2675.97913742 4869.55583096
FF user4 52 1300 27.5874137879 2675.97913742 2703.56655121 4940.15455246
FF user4 53 1300 27.5874137879 2703.56655121 2731.153965 5010.75327397
FF user4 54 1300 27.5874137879 2731.153965 2758.74137878 5081.35199547
FF user4 55 1300 27.5874137879 2758.74137878 2786.32879257 5151.95071697
FF user4 56 1300 27.5874137879 2786.32879257 2813.91620636 5222.54943848
FF user4 57 1300 27.5874137879 2813.91620636 2841.50362015 5293.14815998
FF user4 58 1300 27.5874137879 2841.50362015 2869.09103394 5363.74688149
FF user4 59 1300 27.5874137879 2869.09103394 2896.67844772 5434.34560299
FF user4 60 1300 27.5874137879 2896.67844772 2924.26586151 5504.9443245
