ed.txt
43
3904.74057197
92.9700136184
28.8108333333
0.374166666667
18464.6
239.8
22731.2955856
gs.txt
38
0.0
1734.87353325
14.9666666667
3.37604166667
508.4
599.2
2860.81624158
swd.txt
1
0.0
92.9700136184
28.8108333333
0.374166666667
18464.6
239.8
18826.5550136
tt-1.txt
1
0.0
92.9700136184
28.8108333333
0.374166666667
18464.6
239.8
18826.5550136
tt-30.txt
20
461.187958717
461.187958717
8.253125
1.37552083333
2029.2
338.2
3299.40456327
tt-50.txt
42
0.0
1971.86696529
0.0
4.30491666667
0.0
674.6
2650.77188196
tt-dynbatch.txt
43
0.0
1971.86696529
0.0
7.85841666667
1947.2
239.8
4166.72538196
