----------------------------------------------
PP user1 1 2500 92.9700136184 0 92.9700136184 92.9700136184
PP user1 2 2500 92.9700136184 92.9700136184 185.940027237 185.940027237
PP user1 3 2500 92.9700136184 185.940027237 278.910040855 278.910040855
PP user1 4 2500 92.9700136184 278.910040855 371.880054474 371.880054474
PP user1 5 2500 92.9700136184 371.880054474 464.850068092 464.850068092
PP user1 6 2500 92.9700136184 464.850068092 557.820081711 557.820081711
PP user1 7 2500 92.9700136184 557.820081711 650.790095329 650.790095329
PP user1 8 2500 92.9700136184 650.790095329 743.760108948 743.760108948
PP user1 9 2500 92.9700136184 743.760108948 836.730122566 836.730122566
PP user1 10 2500 92.9700136184 836.730122566 929.700136185 929.700136185
PP user1 11 2500 92.9700136184 929.700136185 1022.6701498 1022.6701498
PP user1 12 2500 92.9700136184 1022.6701498 1115.64016342 1115.64016342
PP user1 13 2500 92.9700136184 1115.64016342 1208.61017704 1208.61017704
PP user1 14 2500 92.9700136184 1208.61017704 1301.58019066 1301.58019066
PP user1 15 2500 92.9700136184 1301.58019066 1394.55020428 1394.55020428
PP user1 16 2500 92.9700136184 1394.55020428 1487.5202179 1487.5202179
PP user1 17 2500 92.9700136184 1487.5202179 1580.49023151 1580.49023151
PP user1 18 2500 92.9700136184 1580.49023151 1673.46024513 1673.46024513
PP user1 19 2500 92.9700136184 1673.46024513 1766.43025875 1766.43025875
PP user1 20 2500 92.9700136184 1766.43025875 1859.40027237 1859.40027237
PP user1 21 2500 92.9700136184 1859.40027237 1952.37028599 1952.37028599
PP user1 22 2500 92.9700136184 1952.37028599 2045.34029961 2045.34029961
PP user1 23 2500 92.9700136184 2045.34029961 2138.31031322 2138.31031322
PP user1 24 2500 92.9700136184 2138.31031322 2231.28032684 2231.28032684
PP user1 25 2500 92.9700136184 2231.28032684 2324.25034046 2324.25034046
PP user1 26 2500 92.9700136184 2324.25034046 2417.22035408 2417.22035408
PP user1 27 2500 92.9700136184 2417.22035408 2510.1903677 2510.1903677
PP user1 28 2500 92.9700136184 2510.1903677 2603.16038132 2603.16038132
PP user1 29 2500 92.9700136184 2603.16038132 2696.13039494 2696.13039494
PP user1 30 2500 92.9700136184 2696.13039494 2789.10040855 2789.10040855
PP user1 31 2500 92.9700136184 2789.10040855 2882.07042217 2882.07042217
PP user1 32 2500 92.9700136184 2882.07042217 2975.04043579 2975.04043579
PP user1 33 2500 92.9700136184 2975.04043579 3068.01044941 3068.01044941
PP user1 34 2500 92.9700136184 3068.01044941 3160.98046303 3160.98046303
PP user1 35 2500 92.9700136184 3160.98046303 3253.95047665 3253.95047665
----------------------------------------------
DD user3 1 1900 27.6348590851 2127.88414955 2155.51900864 2155.51900864
DD user3 2 1900 27.6348590851 2155.51900864 2183.15386772 2183.15386772
DD user3 3 1900 27.6348590851 2183.15386772 2210.78872681 2210.78872681
DD user3 4 1900 27.6348590851 2210.78872681 2238.42358589 2238.42358589
DD user3 5 1900 27.6348590851 2238.42358589 2266.05844498 2266.05844498
DD user3 6 1900 27.6348590851 2266.05844498 2293.69330406 2293.69330406
DD user3 7 1900 27.6348590851 2293.69330406 2321.32816315 2321.32816315
DD user3 8 1900 27.6348590851 2321.32816315 2348.96302223 2348.96302223
DD user3 9 1900 27.6348590851 2348.96302223 2376.59788132 2376.59788132
DD user3 10 1900 27.6348590851 2376.59788132 2404.2327404 2404.2327404
DD user3 11 1900 27.6348590851 2404.2327404 2431.86759949 2431.86759949
DD user3 12 1900 27.6348590851 2431.86759949 2459.50245857 2459.50245857
DD user3 13 1900 27.6348590851 2459.50245857 2487.13731766 2487.13731766
DD user3 14 1900 27.6348590851 2487.13731766 2514.77217674 2514.77217674
DD user3 15 1900 27.6348590851 2514.77217674 2542.40703583 2542.40703583
DD user3 16 1900 27.6348590851 2542.40703583 2570.04189491 2570.04189491
DD user3 17 1900 27.6348590851 2570.04189491 2597.676754 2597.676754
DD user3 18 1900 27.6348590851 2597.676754 2625.31161308 2625.31161308
DD user3 19 1900 27.6348590851 2625.31161308 2652.94647217 2652.94647217
DD user3 20 1900 27.6348590851 2652.94647217 2680.58133125 2680.58133125
DD user3 21 1900 27.6348590851 2680.58133125 2708.21619034 2708.21619034
DD user3 22 1900 27.6348590851 2708.21619034 2735.85104942 2735.85104942
DD user3 23 1900 27.6348590851 2735.85104942 2763.48590851 2763.48590851
DD user3 24 1900 27.6348590851 2763.48590851 2791.12076759 2791.12076759
DD user3 25 1900 27.6348590851 2791.12076759 2818.75562668 2818.75562668
DD user4 1 1300 27.6348590851 0 27.6348590851 27.6348590851
DD user4 2 1300 27.6348590851 27.6348590851 55.2697181702 55.2697181702
DD user4 3 1300 27.6348590851 55.2697181702 82.9045772552 82.9045772552
DD user4 4 1300 27.6348590851 82.9045772552 110.53943634 110.53943634
DD user4 5 1300 27.6348590851 110.53943634 138.174295425 138.174295425
DD user4 6 1300 27.6348590851 138.174295425 165.80915451 165.80915451
DD user4 7 1300 27.6348590851 165.80915451 193.444013596 193.444013596
DD user4 8 1300 27.6348590851 193.444013596 221.078872681 221.078872681
DD user4 9 1300 27.6348590851 221.078872681 248.713731766 248.713731766
DD user4 10 1300 27.6348590851 248.713731766 276.348590851 276.348590851
DD user4 11 1300 27.6348590851 276.348590851 303.983449936 303.983449936
DD user4 12 1300 27.6348590851 303.983449936 331.618309021 331.618309021
DD user4 13 1300 27.6348590851 331.618309021 359.253168106 359.253168106
DD user4 14 1300 27.6348590851 359.253168106 386.888027191 386.888027191
DD user4 15 1300 27.6348590851 386.888027191 414.522886276 414.522886276
DD user4 16 1300 27.6348590851 414.522886276 442.157745361 442.157745361
DD user4 17 1300 27.6348590851 442.157745361 469.792604446 469.792604446
DD user4 18 1300 27.6348590851 469.792604446 497.427463531 497.427463531
DD user4 19 1300 27.6348590851 497.427463531 525.062322617 525.062322617
DD user4 20 1300 27.6348590851 525.062322617 552.697181702 552.697181702
DD user4 21 1300 27.6348590851 552.697181702 580.332040787 580.332040787
DD user4 22 1300 27.6348590851 580.332040787 607.966899872 607.966899872
DD user4 23 1300 27.6348590851 607.966899872 635.601758957 635.601758957
DD user4 24 1300 27.6348590851 635.601758957 663.236618042 663.236618042
DD user4 25 1300 27.6348590851 663.236618042 690.871477127 690.871477127
DD user4 26 1300 27.6348590851 690.871477127 718.506336212 718.506336212
DD user4 27 1300 27.6348590851 718.506336212 746.141195297 746.141195297
DD user4 28 1300 27.6348590851 746.141195297 773.776054382 773.776054382
DD user4 29 1300 27.6348590851 773.776054382 801.410913467 801.410913467
DD user4 30 1300 27.6348590851 801.410913467 829.045772552 829.045772552
DD user4 31 1300 27.6348590851 829.045772552 856.680631638 856.680631638
DD user4 32 1300 27.6348590851 856.680631638 884.315490723 884.315490723
DD user4 33 1300 27.6348590851 884.315490723 911.950349808 911.950349808
DD user4 34 1300 27.6348590851 911.950349808 939.585208893 939.585208893
DD user4 35 1300 27.6348590851 939.585208893 967.220067978 967.220067978
DD user4 36 1300 27.6348590851 967.220067978 994.854927063 994.854927063
DD user4 37 1300 27.6348590851 994.854927063 1022.48978615 1022.48978615
DD user4 38 1300 27.6348590851 1022.48978615 1050.12464523 1050.12464523
DD user4 39 1300 27.6348590851 1050.12464523 1077.75950432 1077.75950432
DD user4 40 1300 27.6348590851 1077.75950432 1105.3943634 1105.3943634
DD user4 41 1300 27.6348590851 1105.3943634 1133.02922249 1133.02922249
DD user4 42 1300 27.6348590851 1133.02922249 1160.66408157 1160.66408157
DD user4 43 1300 27.6348590851 1160.66408157 1188.29894066 1188.29894066
DD user4 44 1300 27.6348590851 1188.29894066 1215.93379974 1215.93379974
DD user4 45 1300 27.6348590851 1215.93379974 1243.56865883 1243.56865883
DD user4 46 1300 27.6348590851 1243.56865883 1271.20351791 1271.20351791
DD user4 47 1300 27.6348590851 1271.20351791 1298.838377 1298.838377
DD user4 48 1300 27.6348590851 1298.838377 1326.47323608 1326.47323608
DD user4 49 1300 27.6348590851 1326.47323608 1354.10809517 1354.10809517
DD user4 50 1300 27.6348590851 1354.10809517 1381.74295425 1381.74295425
DD user4 51 1300 27.6348590851 1381.74295425 1409.37781334 1409.37781334
DD user4 52 1300 27.6348590851 1409.37781334 1437.01267242 1437.01267242
DD user4 53 1300 27.6348590851 1437.01267242 1464.64753151 1464.64753151
DD user4 54 1300 27.6348590851 1464.64753151 1492.28239059 1492.28239059
DD user4 55 1300 27.6348590851 1492.28239059 1519.91724968 1519.91724968
DD user4 56 1300 27.6348590851 1519.91724968 1547.55210876 1547.55210876
DD user4 57 1300 27.6348590851 1547.55210876 1575.18696785 1575.18696785
DD user4 58 1300 27.6348590851 1575.18696785 1602.82182693 1602.82182693
DD user4 59 1300 27.6348590851 1602.82182693 1630.45668602 1630.45668602
DD user4 60 1300 27.6348590851 1630.45668602 1658.0915451 1658.0915451
DD user4 61 1300 27.6348590851 1658.0915451 1685.72640419 1685.72640419
DD user4 62 1300 27.6348590851 1685.72640419 1713.36126328 1713.36126328
DD user4 63 1300 27.6348590851 1713.36126328 1740.99612236 1740.99612236
DD user4 64 1300 27.6348590851 1740.99612236 1768.63098145 1768.63098145
DD user4 65 1300 27.6348590851 1768.63098145 1796.26584053 1796.26584053
DD user4 66 1300 27.6348590851 1796.26584053 1823.90069962 1823.90069962
DD user4 67 1300 27.6348590851 1823.90069962 1851.5355587 1851.5355587
DD user4 68 1300 27.6348590851 1851.5355587 1879.17041779 1879.17041779
DD user4 69 1300 27.6348590851 1879.17041779 1906.80527687 1906.80527687
DD user4 70 1300 27.6348590851 1906.80527687 1934.44013596 1934.44013596
DD user4 71 1300 27.6348590851 1934.44013596 1962.07499504 1962.07499504
DD user4 72 1300 27.6348590851 1962.07499504 1989.70985413 1989.70985413
DD user4 73 1300 27.6348590851 1989.70985413 2017.34471321 2017.34471321
DD user4 74 1300 27.6348590851 2017.34471321 2044.9795723 2044.9795723
DD user4 75 1300 27.6348590851 2044.9795723 2072.61443138 2072.61443138
DD user4 76 1300 27.6348590851 2072.61443138 2100.24929047 2100.24929047
DD user4 77 1300 27.6348590851 2100.24929047 2127.88414955 2127.88414955
----------------------------------------------
BB user1 1 2500 25.1984583333 1486.70904167 1511.9075 1604.87751362
BB user1 2 2500 25.1984583333 1461.51058333 1486.70904167 1672.6490689
BB user1 3 2500 25.1984583333 1436.312125 1461.51058333 1740.42062419
BB user1 4 2500 25.1984583333 1411.11366667 1436.312125 1808.19217947
BB user1 5 2500 25.1984583333 1385.91520833 1411.11366667 1875.96373476
BB user1 6 2500 25.1984583333 1360.71675 1385.91520833 1943.73529004
BB user1 7 2500 25.1984583333 1335.51829167 1360.71675 2011.50684533
BB user1 8 2500 25.1984583333 1310.31983333 1335.51829167 2079.27840061
BB user1 9 2500 25.1984583333 1285.121375 1310.31983333 2147.0499559
BB user1 10 2500 25.1984583333 1259.92291667 1285.121375 2214.82151118
BB user1 11 2500 25.1984583333 1234.72445833 1259.92291667 2282.59306647
BB user1 12 2500 25.1984583333 1209.526 1234.72445833 2350.36462175
BB user1 13 2500 25.1984583333 1184.32754167 1209.526 2418.13617704
BB user1 14 2500 25.1984583333 1159.12908333 1184.32754167 2485.90773232
BB user1 15 2500 25.1984583333 1133.930625 1159.12908333 2553.67928761
BB user1 16 2500 25.1984583333 1108.73216667 1133.930625 2621.4508429
BB user1 17 2500 25.1984583333 1083.53370833 1108.73216667 2689.22239818
BB user1 18 2500 25.1984583333 1058.33525 1083.53370833 2756.99395347
BB user1 19 2500 25.1984583333 1033.13679167 1058.33525 2824.76550875
BB user1 20 2500 25.1984583333 1007.93833333 1033.13679167 2892.53706404
BB user1 21 2500 25.1984583333 982.739875 1007.93833333 2960.30861932
BB user1 22 2500 25.1984583333 957.541416667 982.739875 3028.08017461
BB user1 23 2500 25.1984583333 932.342958333 957.541416667 3095.85172989
BB user1 24 2500 25.1984583333 907.1445 932.342958333 3163.62328518
BB user1 25 2500 25.1984583333 881.946041667 907.1445 3231.39484046
BB user1 26 2500 25.1984583333 856.747583333 881.946041667 3299.16639575
BB user1 27 2500 25.1984583333 831.549125 856.747583333 3366.93795103
BB user1 28 2500 25.1984583333 806.350666667 831.549125 3434.70950632
BB user1 29 2500 25.1984583333 781.152208333 806.350666667 3502.4810616
BB user1 30 2500 25.1984583333 705.556833333 730.755291667 3519.85570022
BB user1 31 2500 25.1984583333 604.763 629.961458333 3512.03188051
BB user1 32 2500 25.1984583333 503.969166667 529.167625 3504.20806079
BB user1 33 2500 25.1984583333 377.976875 403.175333333 3471.18578274
BB user1 34 2500 25.1984583333 277.183041667 302.3815 3463.36196303
BB user1 35 2500 25.1984583333 151.19075 176.389208333 3430.33968498
BB user3 1 1900 25.1984583333 755.95375 781.152208333 2936.67121697
BB user3 2 1900 25.1984583333 730.755291667 755.95375 2939.10761772
BB user3 3 1900 25.1984583333 680.358375 705.556833333 2916.34556014
BB user3 4 1900 25.1984583333 655.159916667 680.358375 2918.78196089
BB user3 5 1900 25.1984583333 629.961458333 655.159916667 2921.21836164
BB user3 6 1900 25.1984583333 579.564541667 604.763 2898.45630406
BB user3 7 1900 25.1984583333 554.366083333 579.564541667 2900.89270481
BB user3 8 1900 25.1984583333 529.167625 554.366083333 2903.32910557
BB user3 9 1900 25.1984583333 478.770708333 503.969166667 2880.56704798
BB user3 10 1900 25.1984583333 453.57225 478.770708333 2883.00344874
BB user3 11 1900 25.1984583333 428.373791667 453.57225 2885.43984949
BB user3 12 1900 25.1984583333 403.175333333 428.373791667 2887.87625024
BB user3 13 1900 25.1984583333 352.778416667 377.976875 2865.11419266
BB user3 14 1900 25.1984583333 327.579958333 352.778416667 2867.55059341
BB user3 15 1900 25.1984583333 302.3815 327.579958333 2869.98699416
BB user3 16 1900 25.1984583333 251.984583333 277.183041667 2847.22493658
BB user3 17 1900 25.1984583333 226.786125 251.984583333 2849.66133733
BB user3 18 1900 25.1984583333 201.587666667 226.786125 2852.09773808
BB user3 19 1900 25.1984583333 176.389208333 201.587666667 2854.53413883
BB user3 20 1900 25.1984583333 125.992291667 151.19075 2831.77208125
BB user3 21 1900 25.1984583333 100.793833333 125.992291667 2834.208482
BB user3 22 1900 25.1984583333 75.595375 100.793833333 2836.64488276
BB user3 23 1900 25.1984583333 50.3969166667 75.595375 2839.08128351
BB user3 24 1900 25.1984583333 25.1984583333 50.3969166667 2841.51768426
BB user3 25 1900 25.1984583333 0 25.1984583333 2843.95408501
----------------------------------------------
CC user1 1 2500 239.8 14148.2 14388.0 15992.8775136
CC user1 2 2500 239.8 13908.4 14148.2 15820.8490689
CC user1 3 2500 239.8 13668.6 13908.4 15648.8206242
CC user1 4 2500 239.8 13428.8 13668.6 15476.7921795
CC user1 5 2500 239.8 13189.0 13428.8 15304.7637348
CC user1 6 2500 239.8 12949.2 13189.0 15132.73529
CC user1 7 2500 239.8 12709.4 12949.2 14960.7068453
CC user1 8 2500 239.8 12469.6 12709.4 14788.6784006
CC user1 9 2500 239.8 12229.8 12469.6 14616.6499559
CC user1 10 2500 239.8 11990.0 12229.8 14444.6215112
CC user1 11 2500 239.8 11750.2 11990.0 14272.5930665
CC user1 12 2500 239.8 11510.4 11750.2 14100.5646218
CC user1 13 2500 239.8 11270.6 11510.4 13928.536177
CC user1 14 2500 239.8 11030.8 11270.6 13756.5077323
CC user1 15 2500 239.8 10791.0 11030.8 13584.4792876
CC user1 16 2500 239.8 10551.2 10791.0 13412.4508429
CC user1 17 2500 239.8 10311.4 10551.2 13240.4223982
CC user1 18 2500 239.8 10071.6 10311.4 13068.3939535
CC user1 19 2500 239.8 9831.8 10071.6 12896.3655088
CC user1 20 2500 239.8 9592.0 9831.8 12724.337064
CC user1 21 2500 239.8 9352.2 9592.0 12552.3086193
CC user1 22 2500 239.8 9112.4 9352.2 12380.2801746
CC user1 23 2500 239.8 8872.6 9112.4 12208.2517299
CC user1 24 2500 239.8 8632.8 8872.6 12036.2232852
CC user1 25 2500 239.8 8393.0 8632.8 11864.1948405
CC user1 26 2500 239.8 8153.2 8393.0 11692.1663957
CC user1 27 2500 239.8 7913.4 8153.2 11520.137951
CC user1 28 2500 239.8 6954.2 7194.0 10628.7095063
CC user1 29 2500 239.8 2158.2 2398.0 5900.4810616
CC user1 30 2500 239.8 719.4 959.2 4479.05570022
CC user1 31 2500 239.8 1438.8 1678.6 5190.63188051
CC user1 32 2500 239.8 1678.6 1918.4 5422.60806079
CC user1 33 2500 239.8 3836.8 4076.6 7547.78578274
CC user1 34 2500 239.8 4796.0 5035.8 8499.16196303
CC user1 35 2500 239.8 7673.6 7913.4 11343.739685
CC user3 1 1900 239.8 239.8 479.6 3416.27121697
CC user3 2 1900 239.8 0 239.8 3178.90761772
CC user3 3 1900 239.8 1199.0 1438.8 4355.14556014
CC user3 4 1900 239.8 959.2 1199.0 4117.78196089
CC user3 5 1900 239.8 479.6 719.4 3640.61836164
CC user3 6 1900 239.8 2637.8 2877.6 5776.05630406
CC user3 7 1900 239.8 2398.0 2637.8 5538.69270481
CC user3 8 1900 239.8 1918.4 2158.2 5061.52910557
CC user3 9 1900 239.8 3597.0 3836.8 6717.36704798
CC user3 10 1900 239.8 3357.2 3597.0 6480.00344874
CC user3 11 1900 239.8 3117.4 3357.2 6242.63984949
CC user3 12 1900 239.8 2877.6 3117.4 6005.27625024
CC user3 13 1900 239.8 4556.2 4796.0 7661.11419266
CC user3 14 1900 239.8 4316.4 4556.2 7423.75059341
CC user3 15 1900 239.8 4076.6 4316.4 7186.38699416
CC user3 16 1900 239.8 5755.2 5995.0 8842.22493658
CC user3 17 1900 239.8 5515.4 5755.2 8604.86133733
CC user3 18 1900 239.8 5275.6 5515.4 8367.49773808
CC user3 19 1900 239.8 5035.8 5275.6 8130.13413883
CC user3 20 1900 239.8 7433.8 7673.6 10505.3720813
CC user3 21 1900 239.8 7194.0 7433.8 10268.008482
CC user3 22 1900 239.8 6714.4 6954.2 9790.84488276
CC user3 23 1900 239.8 6474.6 6714.4 9553.48128351
CC user3 24 1900 239.8 6234.8 6474.6 9316.11768426
CC user3 25 1900 239.8 5995.0 6234.8 9078.75408501
----------------------------------------------
EE user2 1 1200 15.3764486313 1137.85719872 1153.23364735 1153.23364735
EE user2 2 1200 15.3764486313 1153.23364735 1168.61009598 1168.61009598
EE user2 3 1200 15.3764486313 1168.61009598 1183.98654461 1183.98654461
EE user2 4 1200 15.3764486313 1183.98654461 1199.36299324 1199.36299324
EE user2 5 1200 15.3764486313 1199.36299324 1214.73944187 1214.73944187
EE user2 6 1200 15.3764486313 1214.73944187 1230.1158905 1230.1158905
EE user2 7 1200 15.3764486313 1230.1158905 1245.49233914 1245.49233914
EE user2 8 1200 15.3764486313 1245.49233914 1260.86878777 1260.86878777
EE user2 9 1200 15.3764486313 1260.86878777 1276.2452364 1276.2452364
EE user2 10 1200 15.3764486313 1276.2452364 1291.62168503 1291.62168503
EE user2 11 1200 15.3764486313 1291.62168503 1306.99813366 1306.99813366
EE user2 12 1200 15.3764486313 1306.99813366 1322.37458229 1322.37458229
EE user2 13 1200 15.3764486313 1322.37458229 1337.75103092 1337.75103092
EE user2 14 1200 15.3764486313 1337.75103092 1353.12747955 1353.12747955
EE user2 15 1200 15.3764486313 1353.12747955 1368.50392819 1368.50392819
EE user2 16 1200 15.3764486313 1368.50392819 1383.88037682 1383.88037682
EE user2 17 1200 15.3764486313 1383.88037682 1399.25682545 1399.25682545
EE user2 18 1200 15.3764486313 1399.25682545 1414.63327408 1414.63327408
EE user2 19 1200 15.3764486313 1414.63327408 1430.00972271 1430.00972271
EE user2 20 1200 15.3764486313 1430.00972271 1445.38617134 1445.38617134
EE user2 21 1200 15.3764486313 1445.38617134 1460.76261997 1460.76261997
EE user2 22 1200 15.3764486313 1460.76261997 1476.1390686 1476.1390686
EE user2 23 1200 15.3764486313 1476.1390686 1491.51551724 1491.51551724
EE user2 24 1200 15.3764486313 1491.51551724 1506.89196587 1506.89196587
EE user2 25 1200 15.3764486313 1506.89196587 1522.2684145 1522.2684145
EE user2 26 1200 15.3764486313 1522.2684145 1537.64486313 1537.64486313
EE user2 27 1200 15.3764486313 1537.64486313 1553.02131176 1553.02131176
EE user2 28 1200 15.3764486313 1553.02131176 1568.39776039 1568.39776039
EE user2 29 1200 15.3764486313 1568.39776039 1583.77420902 1583.77420902
EE user2 30 1200 15.3764486313 1583.77420902 1599.15065766 1599.15065766
EE user2 31 1200 15.3764486313 1599.15065766 1614.52710629 1614.52710629
EE user2 32 1200 15.3764486313 1614.52710629 1629.90355492 1629.90355492
EE user2 33 1200 15.3764486313 1629.90355492 1645.28000355 1645.28000355
EE user2 34 1200 15.3764486313 1645.28000355 1660.65645218 1660.65645218
EE user2 35 1200 15.3764486313 1660.65645218 1676.03290081 1676.03290081
EE user4 1 1300 15.3764486313 1706.78579807 1722.16224671 1749.79710579
EE user4 2 1300 15.3764486313 1691.40934944 1706.78579807 1762.05551624
EE user4 3 1300 15.3764486313 1676.03290081 1691.40934944 1774.3139267
EE user4 4 1300 15.3764486313 1122.48075008 1137.85719872 1248.39663506
EE user4 5 1300 15.3764486313 1107.10430145 1122.48075008 1260.65504551
EE user4 6 1300 15.3764486313 1091.72785282 1107.10430145 1272.91345596
EE user4 7 1300 15.3764486313 1076.35140419 1091.72785282 1285.17186642
EE user4 8 1300 15.3764486313 1060.97495556 1076.35140419 1297.43027687
EE user4 9 1300 15.3764486313 1045.59850693 1060.97495556 1309.68868733
EE user4 10 1300 15.3764486313 1030.2220583 1045.59850693 1321.94709778
EE user4 11 1300 15.3764486313 1014.84560967 1030.2220583 1334.20550823
EE user4 12 1300 15.3764486313 999.469161035 1014.84560967 1346.46391869
EE user4 13 1300 15.3764486313 984.092712403 999.469161035 1358.72232914
EE user4 14 1300 15.3764486313 968.716263772 984.092712403 1370.98073959
EE user4 15 1300 15.3764486313 953.339815141 968.716263772 1383.23915005
EE user4 16 1300 15.3764486313 937.963366509 953.339815141 1395.4975605
EE user4 17 1300 15.3764486313 922.586917878 937.963366509 1407.75597096
EE user4 18 1300 15.3764486313 907.210469247 922.586917878 1420.01438141
EE user4 19 1300 15.3764486313 891.834020615 907.210469247 1432.27279186
EE user4 20 1300 15.3764486313 876.457571984 891.834020615 1444.53120232
EE user4 21 1300 15.3764486313 861.081123353 876.457571984 1456.78961277
EE user4 22 1300 15.3764486313 845.704674722 861.081123353 1469.04802322
EE user4 23 1300 15.3764486313 830.32822609 845.704674722 1481.30643368
EE user4 24 1300 15.3764486313 814.951777459 830.32822609 1493.56484413
EE user4 25 1300 15.3764486313 799.575328828 814.951777459 1505.82325459
EE user4 26 1300 15.3764486313 784.198880196 799.575328828 1518.08166504
EE user4 27 1300 15.3764486313 768.822431565 784.198880196 1530.34007549
EE user4 28 1300 15.3764486313 753.445982934 768.822431565 1542.59848595
EE user4 29 1300 15.3764486313 738.069534302 753.445982934 1554.8568964
EE user4 30 1300 15.3764486313 722.693085671 738.069534302 1567.11530685
EE user4 31 1300 15.3764486313 707.31663704 722.693085671 1579.37371731
EE user4 32 1300 15.3764486313 691.940188409 707.31663704 1591.63212776
EE user4 33 1300 15.3764486313 676.563739777 691.940188409 1603.89053822
EE user4 34 1300 15.3764486313 661.187291146 676.563739777 1616.14894867
EE user4 35 1300 15.3764486313 645.810842515 661.187291146 1628.40735912
EE user4 36 1300 15.3764486313 630.434393883 645.810842515 1640.66576958
EE user4 37 1300 15.3764486313 615.057945252 630.434393883 1652.92418003
EE user4 38 1300 15.3764486313 599.681496621 615.057945252 1665.18259049
EE user4 39 1300 15.3764486313 584.305047989 599.681496621 1677.44100094
EE user4 40 1300 15.3764486313 568.928599358 584.305047989 1689.69941139
EE user4 41 1300 15.3764486313 553.552150727 568.928599358 1701.95782185
EE user4 42 1300 15.3764486313 538.175702095 553.552150727 1714.2162323
EE user4 43 1300 15.3764486313 522.799253464 538.175702095 1726.47464275
EE user4 44 1300 15.3764486313 507.422804833 522.799253464 1738.73305321
EE user4 45 1300 15.3764486313 492.046356202 507.422804833 1750.99146366
EE user4 46 1300 15.3764486313 476.66990757 492.046356202 1763.24987412
EE user4 47 1300 15.3764486313 461.293458939 476.66990757 1775.50828457
EE user4 48 1300 15.3764486313 445.917010308 461.293458939 1787.76669502
EE user4 49 1300 15.3764486313 430.540561676 445.917010308 1800.02510548
EE user4 50 1300 15.3764486313 415.164113045 430.540561676 1812.28351593
EE user4 51 1300 15.3764486313 399.787664414 415.164113045 1824.54192638
EE user4 52 1300 15.3764486313 384.411215782 399.787664414 1836.80033684
EE user4 53 1300 15.3764486313 369.034767151 384.411215782 1849.05874729
EE user4 54 1300 15.3764486313 353.65831852 369.034767151 1861.31715775
EE user4 55 1300 15.3764486313 338.281869889 353.65831852 1873.5755682
EE user4 56 1300 15.3764486313 322.905421257 338.281869889 1885.83397865
EE user4 57 1300 15.3764486313 307.528972626 322.905421257 1898.09238911
EE user4 58 1300 15.3764486313 292.152523995 307.528972626 1910.35079956
EE user4 59 1300 15.3764486313 276.776075363 292.152523995 1922.60921001
EE user4 60 1300 15.3764486313 261.399626732 276.776075363 1934.86762047
EE user4 61 1300 15.3764486313 246.023178101 261.399626732 1947.12603092
EE user4 62 1300 15.3764486313 230.64672947 246.023178101 1959.38444138
EE user4 63 1300 15.3764486313 215.270280838 230.64672947 1971.64285183
EE user4 64 1300 15.3764486313 199.893832207 215.270280838 1983.90126228
EE user4 65 1300 15.3764486313 184.517383576 199.893832207 1996.15967274
EE user4 66 1300 15.3764486313 169.140934944 184.517383576 2008.41808319
EE user4 67 1300 15.3764486313 153.764486313 169.140934944 2020.67649364
EE user4 68 1300 15.3764486313 138.388037682 153.764486313 2032.9349041
EE user4 69 1300 15.3764486313 123.01158905 138.388037682 2045.19331455
EE user4 70 1300 15.3764486313 107.635140419 123.01158905 2057.45172501
EE user4 71 1300 15.3764486313 92.2586917878 107.635140419 2069.71013546
EE user4 72 1300 15.3764486313 76.8822431565 92.2586917878 2081.96854591
EE user4 73 1300 15.3764486313 61.5057945252 76.8822431565 2094.22695637
EE user4 74 1300 15.3764486313 46.1293458939 61.5057945252 2106.48536682
EE user4 75 1300 15.3764486313 30.7528972626 46.1293458939 2118.74377728
EE user4 76 1300 15.3764486313 15.3764486313 30.7528972626 2131.00218773
EE user4 77 1300 15.3764486313 0 15.3764486313 2143.26059818
----------------------------------------------
FF user2 1 1200 27.5874137879 3034.61551666 3062.20293045 4215.4365778
FF user2 2 1200 27.5874137879 2979.44068909 3007.02810288 4175.63819885
FF user2 3 1200 27.5874137879 2924.26586151 2951.8532753 4135.83981991
FF user2 4 1200 27.5874137879 2841.50362015 2869.09103394 4068.45402718
FF user2 5 1200 27.5874137879 2786.32879257 2813.91620636 4028.65564823
FF user2 6 1200 27.5874137879 2731.153965 2758.74137878 3988.85726929
FF user2 7 1200 27.5874137879 2675.97913742 2703.56655121 3949.05889034
FF user2 8 1200 27.5874137879 2593.21689606 2620.80430985 3881.67309761
FF user2 9 1200 27.5874137879 2538.04206848 2565.62948227 3841.87471867
FF user2 10 1200 27.5874137879 2482.86724091 2510.45465469 3802.07633972
FF user2 11 1200 27.5874137879 2427.69241333 2455.27982712 3762.27796078
FF user2 12 1200 27.5874137879 2344.93017197 2372.51758576 3694.89216805
FF user2 13 1200 27.5874137879 2289.75534439 2317.34275818 3655.0937891
FF user2 14 1200 27.5874137879 2234.58051682 2262.1679306 3615.29541016
FF user2 15 1200 27.5874137879 2179.40568924 2206.99310303 3575.49703121
FF user2 16 1200 27.5874137879 2096.64344788 2124.23086166 3508.11123848
FF user2 17 1200 27.5874137879 2041.4686203 2069.05603409 3468.31285954
FF user2 18 1200 27.5874137879 1986.29379273 2013.88120651 3428.51448059
FF user2 19 1200 27.5874137879 1931.11896515 1958.70637894 3388.71610165
FF user2 20 1200 27.5874137879 1848.35672379 1875.94413757 3321.33030892
FF user2 21 1200 27.5874137879 1793.18189621 1820.76931 3281.53192997
FF user2 22 1200 27.5874137879 1738.00706863 1765.59448242 3241.73355103
FF user2 23 1200 27.5874137879 1682.83224106 1710.41965485 3201.93517208
FF user2 24 1200 27.5874137879 1600.0699997 1627.65741348 3134.54937935
FF user2 25 1200 27.5874137879 1544.89517212 1572.48258591 3094.75100041
FF user2 26 1200 27.5874137879 1489.72034454 1517.30775833 3054.95262146
FF user2 27 1200 27.5874137879 1406.95810318 1434.54551697 2987.56682873
FF user2 28 1200 27.5874137879 1351.7832756 1379.37068939 2947.76844979
FF user2 29 1200 27.5874137879 1296.60844803 1324.19586182 2907.97007084
FF user2 30 1200 27.5874137879 1241.43362045 1269.02103424 2868.1716919
FF user2 31 1200 27.5874137879 1158.67137909 1186.25879288 2800.78589916
FF user2 32 1200 27.5874137879 1103.49655151 1131.0839653 2760.98752022
FF user2 33 1200 27.5874137879 1048.32172394 1075.90913773 2721.18914128
FF user2 34 1200 27.5874137879 965.559482575 993.146896363 2653.80334854
FF user2 35 1200 27.5874137879 827.622413635 855.209827423 2531.24272824
FF user4 1 1300 27.5874137879 1020.73431015 1048.32172394 2798.11882973
FF user4 2 1300 27.5874137879 937.972068787 965.559482575 2727.61499882
FF user4 3 1300 27.5874137879 882.797241211 910.384654999 2684.6985817
FF user4 4 1300 27.5874137879 3062.20293045 3089.79034424 4338.1869793
FF user4 5 1300 27.5874137879 3007.02810288 3034.61551666 4295.27056217
FF user4 6 1300 27.5874137879 2951.8532753 2979.44068909 4252.35414505
FF user4 7 1300 27.5874137879 2896.67844772 2924.26586151 4209.43772793
FF user4 8 1300 27.5874137879 2869.09103394 2896.67844772 4194.1087246
FF user4 9 1300 27.5874137879 2813.91620636 2841.50362015 4151.19230747
FF user4 10 1300 27.5874137879 2758.74137878 2786.32879257 4108.27589035
FF user4 11 1300 27.5874137879 2703.56655121 2731.153965 4065.35947323
FF user4 12 1300 27.5874137879 2648.39172363 2675.97913742 4022.44305611
FF user4 13 1300 27.5874137879 2620.80430985 2648.39172363 4007.11405277
FF user4 14 1300 27.5874137879 2565.62948227 2593.21689606 3964.19763565
FF user4 15 1300 27.5874137879 2510.45465469 2538.04206848 3921.28121853
FF user4 16 1300 27.5874137879 2455.27982712 2482.86724091 3878.36480141
FF user4 17 1300 27.5874137879 2400.10499954 2427.69241333 3835.44838429
FF user4 18 1300 27.5874137879 2372.51758576 2400.10499954 3820.11938095
FF user4 19 1300 27.5874137879 2317.34275818 2344.93017197 3777.20296383
FF user4 20 1300 27.5874137879 2262.1679306 2289.75534439 3734.28654671
FF user4 21 1300 27.5874137879 2206.99310303 2234.58051682 3691.37012959
FF user4 22 1300 27.5874137879 2151.81827545 2179.40568924 3648.45371246
FF user4 23 1300 27.5874137879 2124.23086166 2151.81827545 3633.12470913
FF user4 24 1300 27.5874137879 2069.05603409 2096.64344788 3590.20829201
FF user4 25 1300 27.5874137879 2013.88120651 2041.4686203 3547.29187489
FF user4 26 1300 27.5874137879 1958.70637894 1986.29379273 3504.37545776
FF user4 27 1300 27.5874137879 1903.53155136 1931.11896515 3461.45904064
FF user4 28 1300 27.5874137879 1875.94413757 1903.53155136 3446.13003731
FF user4 29 1300 27.5874137879 1820.76931 1848.35672379 3403.21362019
FF user4 30 1300 27.5874137879 1765.59448242 1793.18189621 3360.29720307
FF user4 31 1300 27.5874137879 1710.41965485 1738.00706863 3317.38078594
FF user4 32 1300 27.5874137879 1655.24482727 1682.83224106 3274.46436882
FF user4 33 1300 27.5874137879 1627.65741348 1655.24482727 3259.13536549
FF user4 34 1300 27.5874137879 1572.48258591 1600.0699997 3216.21894837
FF user4 35 1300 27.5874137879 1517.30775833 1544.89517212 3173.30253124
FF user4 36 1300 27.5874137879 1462.13293076 1489.72034454 3130.38611412
FF user4 37 1300 27.5874137879 1434.54551697 1462.13293076 3115.05711079
FF user4 38 1300 27.5874137879 1379.37068939 1406.95810318 3072.14069367
FF user4 39 1300 27.5874137879 1324.19586182 1351.7832756 3029.22427654
FF user4 40 1300 27.5874137879 1269.02103424 1296.60844803 2986.30785942
FF user4 41 1300 27.5874137879 1213.84620667 1241.43362045 2943.3914423
FF user4 42 1300 27.5874137879 1186.25879288 1213.84620667 2928.06243897
FF user4 43 1300 27.5874137879 1131.0839653 1158.67137909 2885.14602184
FF user4 44 1300 27.5874137879 1075.90913773 1103.49655151 2842.22960472
FF user4 45 1300 27.5874137879 993.146896363 1020.73431015 2771.72577381
FF user4 46 1300 27.5874137879 910.384654999 937.972068787 2701.2219429
FF user4 47 1300 27.5874137879 855.209827423 882.797241211 2658.30552578
FF user4 48 1300 27.5874137879 800.034999848 827.622413635 2615.38910866
FF user4 49 1300 27.5874137879 772.44758606 800.034999848 2600.06010532
FF user4 50 1300 27.5874137879 744.860172272 772.44758606 2584.73110199
FF user4 51 1300 27.5874137879 717.272758484 744.860172272 2569.40209866
FF user4 52 1300 27.5874137879 689.685344696 717.272758484 2554.07309532
FF user4 53 1300 27.5874137879 662.097930908 689.685344696 2538.74409199
FF user4 54 1300 27.5874137879 634.510517121 662.097930908 2523.41508865
FF user4 55 1300 27.5874137879 606.923103333 634.510517121 2508.08608532
FF user4 56 1300 27.5874137879 579.335689545 606.923103333 2492.75708199
FF user4 57 1300 27.5874137879 551.748275757 579.335689545 2477.42807865
FF user4 58 1300 27.5874137879 524.160861969 551.748275757 2462.09907532
FF user4 59 1300 27.5874137879 496.573448181 524.160861969 2446.77007198
FF user4 60 1300 27.5874137879 468.986034393 496.573448181 2431.44106865
FF user4 61 1300 27.5874137879 441.398620606 468.986034393 2416.11206532
FF user4 62 1300 27.5874137879 413.811206818 441.398620606 2400.78306198
FF user4 63 1300 27.5874137879 386.22379303 413.811206818 2385.45405865
FF user4 64 1300 27.5874137879 358.636379242 386.22379303 2370.12505531
FF user4 65 1300 27.5874137879 331.048965454 358.636379242 2354.79605198
FF user4 66 1300 27.5874137879 303.461551666 331.048965454 2339.46704865
FF user4 67 1300 27.5874137879 275.874137879 303.461551666 2324.13804531
FF user4 68 1300 27.5874137879 248.286724091 275.874137879 2308.80904198
FF user4 69 1300 27.5874137879 220.699310303 248.286724091 2293.48003864
FF user4 70 1300 27.5874137879 193.111896515 220.699310303 2278.15103531
FF user4 71 1300 27.5874137879 165.524482727 193.111896515 2262.82203197
FF user4 72 1300 27.5874137879 137.937068939 165.524482727 2247.49302864
FF user4 73 1300 27.5874137879 110.349655151 137.937068939 2232.16402531
FF user4 74 1300 27.5874137879 82.7622413636 110.349655151 2216.83502197
FF user4 75 1300 27.5874137879 55.1748275757 82.7622413636 2201.50601864
FF user4 76 1300 27.5874137879 27.5874137879 55.1748275757 2186.1770153
FF user4 77 1300 27.5874137879 0 27.5874137879 2170.84801197
