----------------------------------------------
PP user1 1 2500 461.187958717 0 461.187958717 461.187958717
PP user1 2 2500 461.187958717 0 461.187958717 461.187958717
PP user1 3 2500 461.187958717 0 461.187958717 461.187958717
PP user1 4 2500 461.187958717 0 461.187958717 461.187958717
PP user1 5 2500 461.187958717 0 461.187958717 461.187958717
PP user1 6 2500 461.187958717 0 461.187958717 461.187958717
PP user1 7 2500 461.187958717 0 461.187958717 461.187958717
PP user1 8 2500 461.187958717 0 461.187958717 461.187958717
PP user1 9 2500 461.187958717 0 461.187958717 461.187958717
PP user1 10 2500 461.187958717 0 461.187958717 461.187958717
PP user1 11 2500 461.187958717 461.187958717 922.375917434 922.375917434
PP user1 12 2500 461.187958717 461.187958717 922.375917434 922.375917434
PP user1 13 2500 461.187958717 461.187958717 922.375917434 922.375917434
PP user1 14 2500 461.187958717 461.187958717 922.375917434 922.375917434
PP user1 15 2500 461.187958717 461.187958717 922.375917434 922.375917434
PP user1 16 2500 461.187958717 461.187958717 922.375917434 922.375917434
PP user1 17 2500 461.187958717 461.187958717 922.375917434 922.375917434
PP user1 18 2500 461.187958717 461.187958717 922.375917434 922.375917434
PP user1 19 2500 461.187958717 461.187958717 922.375917434 922.375917434
PP user1 20 2500 461.187958717 461.187958717 922.375917434 922.375917434
PP user1 21 2500 461.187958717 922.375917434 1383.56387615 1383.56387615
PP user1 22 2500 461.187958717 922.375917434 1383.56387615 1383.56387615
PP user1 23 2500 461.187958717 922.375917434 1383.56387615 1383.56387615
PP user1 24 2500 461.187958717 922.375917434 1383.56387615 1383.56387615
PP user1 25 2500 461.187958717 922.375917434 1383.56387615 1383.56387615
PP user1 26 2500 461.187958717 922.375917434 1383.56387615 1383.56387615
PP user1 27 2500 461.187958717 922.375917434 1383.56387615 1383.56387615
PP user1 28 2500 461.187958717 922.375917434 1383.56387615 1383.56387615
PP user1 29 2500 461.187958717 922.375917434 1383.56387615 1383.56387615
PP user1 30 2500 461.187958717 922.375917434 1383.56387615 1383.56387615
PP user1 31 2500 461.187958717 1383.56387615 1844.75183487 1844.75183487
PP user1 32 2500 461.187958717 1383.56387615 1844.75183487 1844.75183487
PP user1 33 2500 461.187958717 1383.56387615 1844.75183487 1844.75183487
PP user1 34 2500 461.187958717 1383.56387615 1844.75183487 1844.75183487
PP user1 35 2500 461.187958717 1383.56387615 1844.75183487 1844.75183487
PP user1 36 2500 461.187958717 1383.56387615 1844.75183487 1844.75183487
PP user1 37 2500 461.187958717 1383.56387615 1844.75183487 1844.75183487
PP user1 38 2500 461.187958717 1383.56387615 1844.75183487 1844.75183487
PP user1 39 2500 461.187958717 1383.56387615 1844.75183487 1844.75183487
PP user1 40 2500 461.187958717 1383.56387615 1844.75183487 1844.75183487
PP user1 41 2500 164.82245922 1844.75183487 2009.57429409 2009.57429409
PP user1 42 2500 164.82245922 1844.75183487 2009.57429409 2009.57429409
PP user1 43 2500 164.82245922 1844.75183487 2009.57429409 2009.57429409
----------------------------------------------
DD user3 1 1900 59.8390102386 418.873071671 478.712081909 478.712081909
DD user3 2 1900 59.8390102386 418.873071671 478.712081909 478.712081909
DD user3 3 1900 59.8390102386 418.873071671 478.712081909 478.712081909
DD user3 4 1900 59.8390102386 418.873071671 478.712081909 478.712081909
DD user3 5 1900 59.8390102386 418.873071671 478.712081909 478.712081909
DD user3 6 1900 59.8390102386 478.712081909 538.551092148 538.551092148
DD user3 7 1900 59.8390102386 478.712081909 538.551092148 538.551092148
DD user3 8 1900 59.8390102386 478.712081909 538.551092148 538.551092148
DD user3 9 1900 59.8390102386 478.712081909 538.551092148 538.551092148
DD user3 10 1900 59.8390102386 478.712081909 538.551092148 538.551092148
DD user3 11 1900 59.8390102386 478.712081909 538.551092148 538.551092148
DD user3 12 1900 59.8390102386 478.712081909 538.551092148 538.551092148
DD user3 13 1900 59.8390102386 478.712081909 538.551092148 538.551092148
DD user3 14 1900 59.8390102386 478.712081909 538.551092148 538.551092148
DD user3 15 1900 59.8390102386 478.712081909 538.551092148 538.551092148
DD user3 16 1900 59.8390102386 538.551092148 598.390102386 598.390102386
DD user3 17 1900 59.8390102386 538.551092148 598.390102386 598.390102386
DD user3 18 1900 59.8390102386 538.551092148 598.390102386 598.390102386
DD user3 19 1900 59.8390102386 538.551092148 598.390102386 598.390102386
DD user3 20 1900 59.8390102386 538.551092148 598.390102386 598.390102386
DD user3 21 1900 59.8390102386 538.551092148 598.390102386 598.390102386
DD user3 22 1900 59.8390102386 538.551092148 598.390102386 598.390102386
DD user3 23 1900 59.8390102386 538.551092148 598.390102386 598.390102386
DD user3 24 1900 59.8390102386 538.551092148 598.390102386 598.390102386
DD user3 25 1900 59.8390102386 538.551092148 598.390102386 598.390102386
DD user3 26 1900 59.8390102386 598.390102386 658.229112625 658.229112625
DD user3 27 1900 59.8390102386 598.390102386 658.229112625 658.229112625
DD user3 28 1900 59.8390102386 598.390102386 658.229112625 658.229112625
DD user3 29 1900 59.8390102386 598.390102386 658.229112625 658.229112625
DD user3 30 1900 59.8390102386 598.390102386 658.229112625 658.229112625
DD user3 31 1900 59.8390102386 598.390102386 658.229112625 658.229112625
DD user3 32 1900 59.8390102386 598.390102386 658.229112625 658.229112625
DD user3 33 1900 59.8390102386 598.390102386 658.229112625 658.229112625
DD user3 34 1900 59.8390102386 598.390102386 658.229112625 658.229112625
DD user3 35 1900 59.8390102386 598.390102386 658.229112625 658.229112625
DD user4 1 1300 59.8390102386 0 59.8390102386 59.8390102386
DD user4 2 1300 59.8390102386 0 59.8390102386 59.8390102386
DD user4 3 1300 59.8390102386 0 59.8390102386 59.8390102386
DD user4 4 1300 59.8390102386 0 59.8390102386 59.8390102386
DD user4 5 1300 59.8390102386 0 59.8390102386 59.8390102386
DD user4 6 1300 59.8390102386 0 59.8390102386 59.8390102386
DD user4 7 1300 59.8390102386 0 59.8390102386 59.8390102386
DD user4 8 1300 59.8390102386 0 59.8390102386 59.8390102386
DD user4 9 1300 59.8390102386 0 59.8390102386 59.8390102386
DD user4 10 1300 59.8390102386 0 59.8390102386 59.8390102386
DD user4 11 1300 59.8390102386 59.8390102386 119.678020477 119.678020477
DD user4 12 1300 59.8390102386 59.8390102386 119.678020477 119.678020477
DD user4 13 1300 59.8390102386 59.8390102386 119.678020477 119.678020477
DD user4 14 1300 59.8390102386 59.8390102386 119.678020477 119.678020477
DD user4 15 1300 59.8390102386 59.8390102386 119.678020477 119.678020477
DD user4 16 1300 59.8390102386 59.8390102386 119.678020477 119.678020477
DD user4 17 1300 59.8390102386 59.8390102386 119.678020477 119.678020477
DD user4 18 1300 59.8390102386 59.8390102386 119.678020477 119.678020477
DD user4 19 1300 59.8390102386 59.8390102386 119.678020477 119.678020477
DD user4 20 1300 59.8390102386 59.8390102386 119.678020477 119.678020477
DD user4 21 1300 59.8390102386 119.678020477 179.517030716 179.517030716
DD user4 22 1300 59.8390102386 119.678020477 179.517030716 179.517030716
DD user4 23 1300 59.8390102386 119.678020477 179.517030716 179.517030716
DD user4 24 1300 59.8390102386 119.678020477 179.517030716 179.517030716
DD user4 25 1300 59.8390102386 119.678020477 179.517030716 179.517030716
DD user4 26 1300 59.8390102386 119.678020477 179.517030716 179.517030716
DD user4 27 1300 59.8390102386 119.678020477 179.517030716 179.517030716
DD user4 28 1300 59.8390102386 119.678020477 179.517030716 179.517030716
DD user4 29 1300 59.8390102386 119.678020477 179.517030716 179.517030716
DD user4 30 1300 59.8390102386 119.678020477 179.517030716 179.517030716
DD user4 31 1300 59.8390102386 179.517030716 239.356040955 239.356040955
DD user4 32 1300 59.8390102386 179.517030716 239.356040955 239.356040955
DD user4 33 1300 59.8390102386 179.517030716 239.356040955 239.356040955
DD user4 34 1300 59.8390102386 179.517030716 239.356040955 239.356040955
DD user4 35 1300 59.8390102386 179.517030716 239.356040955 239.356040955
DD user4 36 1300 59.8390102386 179.517030716 239.356040955 239.356040955
DD user4 37 1300 59.8390102386 179.517030716 239.356040955 239.356040955
DD user4 38 1300 59.8390102386 179.517030716 239.356040955 239.356040955
DD user4 39 1300 59.8390102386 179.517030716 239.356040955 239.356040955
DD user4 40 1300 59.8390102386 179.517030716 239.356040955 239.356040955
DD user4 41 1300 59.8390102386 239.356040955 299.195051193 299.195051193
DD user4 42 1300 59.8390102386 239.356040955 299.195051193 299.195051193
DD user4 43 1300 59.8390102386 239.356040955 299.195051193 299.195051193
DD user4 44 1300 59.8390102386 239.356040955 299.195051193 299.195051193
DD user4 45 1300 59.8390102386 239.356040955 299.195051193 299.195051193
DD user4 46 1300 59.8390102386 239.356040955 299.195051193 299.195051193
DD user4 47 1300 59.8390102386 239.356040955 299.195051193 299.195051193
DD user4 48 1300 59.8390102386 239.356040955 299.195051193 299.195051193
DD user4 49 1300 59.8390102386 239.356040955 299.195051193 299.195051193
DD user4 50 1300 59.8390102386 239.356040955 299.195051193 299.195051193
DD user4 51 1300 59.8390102386 299.195051193 359.034061432 359.034061432
DD user4 52 1300 59.8390102386 299.195051193 359.034061432 359.034061432
DD user4 53 1300 59.8390102386 299.195051193 359.034061432 359.034061432
DD user4 54 1300 59.8390102386 299.195051193 359.034061432 359.034061432
DD user4 55 1300 59.8390102386 299.195051193 359.034061432 359.034061432
DD user4 56 1300 59.8390102386 299.195051193 359.034061432 359.034061432
DD user4 57 1300 59.8390102386 299.195051193 359.034061432 359.034061432
DD user4 58 1300 59.8390102386 299.195051193 359.034061432 359.034061432
DD user4 59 1300 59.8390102386 299.195051193 359.034061432 359.034061432
DD user4 60 1300 59.8390102386 299.195051193 359.034061432 359.034061432
DD user4 61 1300 59.8390102386 359.034061432 418.873071671 418.873071671
DD user4 62 1300 59.8390102386 359.034061432 418.873071671 418.873071671
DD user4 63 1300 59.8390102386 359.034061432 418.873071671 418.873071671
DD user4 64 1300 59.8390102386 359.034061432 418.873071671 418.873071671
DD user4 65 1300 59.8390102386 359.034061432 418.873071671 418.873071671
DD user4 66 1300 59.8390102386 359.034061432 418.873071671 418.873071671
DD user4 67 1300 59.8390102386 359.034061432 418.873071671 418.873071671
DD user4 68 1300 59.8390102386 359.034061432 418.873071671 418.873071671
DD user4 69 1300 59.8390102386 359.034061432 418.873071671 418.873071671
DD user4 70 1300 59.8390102386 359.034061432 418.873071671 418.873071671
DD user4 71 1300 59.8390102386 418.873071671 478.712081909 478.712081909
DD user4 72 1300 59.8390102386 418.873071671 478.712081909 478.712081909
DD user4 73 1300 59.8390102386 418.873071671 478.712081909 478.712081909
DD user4 74 1300 59.8390102386 418.873071671 478.712081909 478.712081909
DD user4 75 1300 59.8390102386 418.873071671 478.712081909 478.712081909
----------------------------------------------
BB user1 1 2500 1.37552083333 8.253125 9.62864583333 470.81660455
BB user1 2 2500 1.37552083333 8.253125 9.62864583333 470.81660455
BB user1 3 2500 1.27172916667 9.62864583333 10.900375 472.088333717
BB user1 4 2500 1.27172916667 9.62864583333 10.900375 472.088333717
BB user1 5 2500 1.27172916667 9.62864583333 10.900375 472.088333717
BB user1 6 2500 1.27172916667 9.62864583333 10.900375 472.088333717
BB user1 7 2500 1.27172916667 9.62864583333 10.900375 472.088333717
BB user1 8 2500 1.27172916667 9.62864583333 10.900375 472.088333717
BB user1 9 2500 1.27172916667 9.62864583333 10.900375 472.088333717
BB user1 10 2500 1.27172916667 9.62864583333 10.900375 472.088333717
BB user1 11 2500 1.37552083333 6.87760416667 8.253125 930.629042434
BB user1 12 2500 1.37552083333 6.87760416667 8.253125 930.629042434
BB user1 13 2500 1.37552083333 8.253125 9.62864583333 932.004563267
BB user1 14 2500 1.37552083333 8.253125 9.62864583333 932.004563267
BB user1 15 2500 1.37552083333 8.253125 9.62864583333 932.004563267
BB user1 16 2500 1.37552083333 8.253125 9.62864583333 932.004563267
BB user1 17 2500 1.37552083333 8.253125 9.62864583333 932.004563267
BB user1 18 2500 1.37552083333 8.253125 9.62864583333 932.004563267
BB user1 19 2500 1.37552083333 8.253125 9.62864583333 932.004563267
BB user1 20 2500 1.37552083333 8.253125 9.62864583333 932.004563267
BB user1 21 2500 1.37552083333 1.37552083333 2.75104166667 1386.31491782
BB user1 22 2500 1.37552083333 1.37552083333 2.75104166667 1386.31491782
BB user1 23 2500 1.37552083333 1.37552083333 2.75104166667 1386.31491782
BB user1 24 2500 1.37552083333 1.37552083333 2.75104166667 1386.31491782
BB user1 25 2500 1.37552083333 1.37552083333 2.75104166667 1386.31491782
BB user1 26 2500 1.37552083333 1.37552083333 2.75104166667 1386.31491782
BB user1 27 2500 1.37552083333 1.37552083333 2.75104166667 1386.31491782
BB user1 28 2500 1.37552083333 2.75104166667 4.1265625 1387.69043865
BB user1 29 2500 1.37552083333 2.75104166667 4.1265625 1387.69043865
BB user1 30 2500 1.37552083333 2.75104166667 4.1265625 1387.69043865
BB user1 31 2500 1.37552083333 0 1.37552083333 1846.1273557
BB user1 32 2500 1.37552083333 0 1.37552083333 1846.1273557
BB user1 33 2500 1.37552083333 0 1.37552083333 1846.1273557
BB user1 34 2500 1.37552083333 0 1.37552083333 1846.1273557
BB user1 35 2500 1.37552083333 0 1.37552083333 1846.1273557
BB user1 36 2500 1.37552083333 0 1.37552083333 1846.1273557
BB user1 37 2500 1.37552083333 0 1.37552083333 1846.1273557
BB user1 38 2500 1.37552083333 1.37552083333 2.75104166667 1847.50287653
BB user1 39 2500 1.37552083333 1.37552083333 2.75104166667 1847.50287653
BB user1 40 2500 1.37552083333 1.37552083333 2.75104166667 1847.50287653
BB user1 41 2500 1.37552083333 0 1.37552083333 2010.94981492
BB user1 42 2500 1.37552083333 0 1.37552083333 2010.94981492
BB user1 43 2500 1.37552083333 0 1.37552083333 2010.94981492
BB user3 1 1900 1.37552083333 6.87760416667 8.253125 486.965206909
BB user3 2 1900 1.37552083333 6.87760416667 8.253125 486.965206909
BB user3 3 1900 1.37552083333 6.87760416667 8.253125 486.965206909
BB user3 4 1900 1.37552083333 6.87760416667 8.253125 486.965206909
BB user3 5 1900 1.37552083333 6.87760416667 8.253125 486.965206909
BB user3 6 1900 1.37552083333 5.50208333333 6.87760416667 545.428696314
BB user3 7 1900 1.37552083333 5.50208333333 6.87760416667 545.428696314
BB user3 8 1900 1.37552083333 5.50208333333 6.87760416667 545.428696314
BB user3 9 1900 1.37552083333 5.50208333333 6.87760416667 545.428696314
BB user3 10 1900 1.37552083333 5.50208333333 6.87760416667 545.428696314
BB user3 11 1900 1.37552083333 5.50208333333 6.87760416667 545.428696314
BB user3 12 1900 1.37552083333 5.50208333333 6.87760416667 545.428696314
BB user3 13 1900 1.37552083333 6.87760416667 8.253125 546.804217148
BB user3 14 1900 1.37552083333 6.87760416667 8.253125 546.804217148
BB user3 15 1900 1.37552083333 6.87760416667 8.253125 546.804217148
BB user3 16 1900 1.37552083333 4.1265625 5.50208333333 603.89218572
BB user3 17 1900 1.37552083333 4.1265625 5.50208333333 603.89218572
BB user3 18 1900 1.37552083333 4.1265625 5.50208333333 603.89218572
BB user3 19 1900 1.37552083333 4.1265625 5.50208333333 603.89218572
BB user3 20 1900 1.37552083333 4.1265625 5.50208333333 603.89218572
BB user3 21 1900 1.37552083333 4.1265625 5.50208333333 603.89218572
BB user3 22 1900 1.37552083333 4.1265625 5.50208333333 603.89218572
BB user3 23 1900 1.37552083333 5.50208333333 6.87760416667 605.267706553
BB user3 24 1900 1.37552083333 5.50208333333 6.87760416667 605.267706553
BB user3 25 1900 1.37552083333 5.50208333333 6.87760416667 605.267706553
BB user3 26 1900 1.37552083333 2.75104166667 4.1265625 662.355675125
BB user3 27 1900 1.37552083333 2.75104166667 4.1265625 662.355675125
BB user3 28 1900 1.37552083333 2.75104166667 4.1265625 662.355675125
BB user3 29 1900 1.37552083333 2.75104166667 4.1265625 662.355675125
BB user3 30 1900 1.37552083333 2.75104166667 4.1265625 662.355675125
BB user3 31 1900 1.37552083333 2.75104166667 4.1265625 662.355675125
BB user3 32 1900 1.37552083333 2.75104166667 4.1265625 662.355675125
BB user3 33 1900 1.37552083333 4.1265625 5.50208333333 663.731195958
BB user3 34 1900 1.37552083333 4.1265625 5.50208333333 663.731195958
BB user3 35 1900 1.37552083333 4.1265625 5.50208333333 663.731195958
----------------------------------------------
CC user1 1 2500 355.0 2367.4 2722.4 3193.21660455
CC user1 2 2500 355.0 2367.4 2722.4 3193.21660455
CC user1 3 2500 338.2 2029.2 2367.4 2839.48833372
CC user1 4 2500 338.2 2029.2 2367.4 2839.48833372
CC user1 5 2500 355.0 2367.4 2722.4 3194.48833372
CC user1 6 2500 355.0 2367.4 2722.4 3194.48833372
CC user1 7 2500 355.0 2367.4 2722.4 3194.48833372
CC user1 8 2500 355.0 2367.4 2722.4 3194.48833372
CC user1 9 2500 355.0 2367.4 2722.4 3194.48833372
CC user1 10 2500 355.0 2367.4 2722.4 3194.48833372
CC user1 11 2500 338.2 2029.2 2367.4 3298.02904243
CC user1 12 2500 338.2 2029.2 2367.4 3298.02904243
CC user1 13 2500 338.2 1691.0 2029.2 2961.20456327
CC user1 14 2500 338.2 1691.0 2029.2 2961.20456327
CC user1 15 2500 338.2 2029.2 2367.4 3299.40456327
CC user1 16 2500 338.2 2029.2 2367.4 3299.40456327
CC user1 17 2500 338.2 2029.2 2367.4 3299.40456327
CC user1 18 2500 338.2 2029.2 2367.4 3299.40456327
CC user1 19 2500 338.2 2029.2 2367.4 3299.40456327
CC user1 20 2500 338.2 2029.2 2367.4 3299.40456327
CC user1 21 2500 338.2 338.2 676.4 2062.71491782
CC user1 22 2500 338.2 338.2 676.4 2062.71491782
CC user1 23 2500 338.2 338.2 676.4 2062.71491782
CC user1 24 2500 338.2 338.2 676.4 2062.71491782
CC user1 25 2500 338.2 676.4 1014.6 2400.91491782
CC user1 26 2500 338.2 676.4 1014.6 2400.91491782
CC user1 27 2500 338.2 676.4 1014.6 2400.91491782
CC user1 28 2500 338.2 338.2 676.4 2064.09043865
CC user1 29 2500 338.2 338.2 676.4 2064.09043865
CC user1 30 2500 338.2 338.2 676.4 2064.09043865
CC user1 31 2500 338.2 0 338.2 2184.3273557
CC user1 32 2500 338.2 0 338.2 2184.3273557
CC user1 33 2500 338.2 0 338.2 2184.3273557
CC user1 34 2500 338.2 0 338.2 2184.3273557
CC user1 35 2500 338.2 338.2 676.4 2522.5273557
CC user1 36 2500 338.2 338.2 676.4 2522.5273557
CC user1 37 2500 338.2 338.2 676.4 2522.5273557
CC user1 38 2500 338.2 0 338.2 2185.70287653
CC user1 39 2500 338.2 0 338.2 2185.70287653
CC user1 40 2500 338.2 0 338.2 2185.70287653
CC user1 41 2500 338.2 0 338.2 2349.14981492
CC user1 42 2500 338.2 0 338.2 2349.14981492
CC user1 43 2500 338.2 0 338.2 2349.14981492
CC user3 1 1900 338.2 1691.0 2029.2 2516.16520691
CC user3 2 1900 338.2 1691.0 2029.2 2516.16520691
CC user3 3 1900 338.2 1691.0 2029.2 2516.16520691
CC user3 4 1900 338.2 1691.0 2029.2 2516.16520691
CC user3 5 1900 338.2 1691.0 2029.2 2516.16520691
CC user3 6 1900 338.2 1352.8 1691.0 2236.42869631
CC user3 7 1900 338.2 1352.8 1691.0 2236.42869631
CC user3 8 1900 338.2 1352.8 1691.0 2236.42869631
CC user3 9 1900 338.2 1352.8 1691.0 2236.42869631
CC user3 10 1900 338.2 1691.0 2029.2 2574.62869631
CC user3 11 1900 338.2 1691.0 2029.2 2574.62869631
CC user3 12 1900 338.2 1691.0 2029.2 2574.62869631
CC user3 13 1900 338.2 1352.8 1691.0 2237.80421715
CC user3 14 1900 338.2 1352.8 1691.0 2237.80421715
CC user3 15 1900 338.2 1352.8 1691.0 2237.80421715
CC user3 16 1900 338.2 1014.6 1352.8 1956.69218572
CC user3 17 1900 338.2 1014.6 1352.8 1956.69218572
CC user3 18 1900 338.2 1014.6 1352.8 1956.69218572
CC user3 19 1900 338.2 1014.6 1352.8 1956.69218572
CC user3 20 1900 338.2 1352.8 1691.0 2294.89218572
CC user3 21 1900 338.2 1352.8 1691.0 2294.89218572
CC user3 22 1900 338.2 1352.8 1691.0 2294.89218572
CC user3 23 1900 338.2 1014.6 1352.8 1958.06770655
CC user3 24 1900 338.2 1014.6 1352.8 1958.06770655
CC user3 25 1900 338.2 1014.6 1352.8 1958.06770655
CC user3 26 1900 338.2 676.4 1014.6 1676.95567513
CC user3 27 1900 338.2 676.4 1014.6 1676.95567513
CC user3 28 1900 338.2 676.4 1014.6 1676.95567513
CC user3 29 1900 338.2 676.4 1014.6 1676.95567513
CC user3 30 1900 338.2 1014.6 1352.8 2015.15567513
CC user3 31 1900 338.2 1014.6 1352.8 2015.15567513
CC user3 32 1900 338.2 1014.6 1352.8 2015.15567513
CC user3 33 1900 338.2 676.4 1014.6 1678.33119596
CC user3 34 1900 338.2 676.4 1014.6 1678.33119596
CC user3 35 1900 338.2 676.4 1014.6 1678.33119596
----------------------------------------------
EE user2 1 1200 95.4645872116 572.78752327 668.252110481 668.252110481
EE user2 2 1200 95.4645872116 572.78752327 668.252110481 668.252110481
EE user2 3 1200 95.4645872116 572.78752327 668.252110481 668.252110481
EE user2 4 1200 95.4645872116 572.78752327 668.252110481 668.252110481
EE user2 5 1200 95.4645872116 572.78752327 668.252110481 668.252110481
EE user2 6 1200 95.4645872116 668.252110481 763.716697693 763.716697693
EE user2 7 1200 95.4645872116 668.252110481 763.716697693 763.716697693
EE user2 8 1200 95.4645872116 668.252110481 763.716697693 763.716697693
EE user2 9 1200 95.4645872116 668.252110481 763.716697693 763.716697693
EE user2 10 1200 95.4645872116 668.252110481 763.716697693 763.716697693
EE user2 11 1200 95.4645872116 668.252110481 763.716697693 763.716697693
EE user2 12 1200 95.4645872116 668.252110481 763.716697693 763.716697693
EE user2 13 1200 95.4645872116 668.252110481 763.716697693 763.716697693
EE user2 14 1200 95.4645872116 668.252110481 763.716697693 763.716697693
EE user2 15 1200 95.4645872116 668.252110481 763.716697693 763.716697693
EE user2 16 1200 95.4645872116 763.716697693 859.181284904 859.181284904
EE user2 17 1200 95.4645872116 763.716697693 859.181284904 859.181284904
EE user2 18 1200 95.4645872116 763.716697693 859.181284904 859.181284904
EE user2 19 1200 95.4645872116 763.716697693 859.181284904 859.181284904
EE user2 20 1200 95.4645872116 763.716697693 859.181284904 859.181284904
EE user2 21 1200 95.4645872116 763.716697693 859.181284904 859.181284904
EE user2 22 1200 95.4645872116 763.716697693 859.181284904 859.181284904
EE user2 23 1200 95.4645872116 763.716697693 859.181284904 859.181284904
EE user2 24 1200 95.4645872116 763.716697693 859.181284904 859.181284904
EE user2 25 1200 95.4645872116 763.716697693 859.181284904 859.181284904
EE user2 26 1200 95.4645872116 859.181284904 954.645872116 954.645872116
EE user2 27 1200 95.4645872116 859.181284904 954.645872116 954.645872116
EE user2 28 1200 95.4645872116 859.181284904 954.645872116 954.645872116
EE user2 29 1200 95.4645872116 859.181284904 954.645872116 954.645872116
EE user2 30 1200 95.4645872116 859.181284904 954.645872116 954.645872116
EE user2 31 1200 95.4645872116 859.181284904 954.645872116 954.645872116
EE user2 32 1200 95.4645872116 859.181284904 954.645872116 954.645872116
EE user2 33 1200 95.4645872116 859.181284904 954.645872116 954.645872116
EE user2 34 1200 95.4645872116 859.181284904 954.645872116 954.645872116
EE user2 35 1200 95.4645872116 859.181284904 954.645872116 954.645872116
EE user2 36 1200 95.4645872116 954.645872116 1050.11045933 1050.11045933
EE user2 37 1200 95.4645872116 954.645872116 1050.11045933 1050.11045933
EE user2 38 1200 95.4645872116 954.645872116 1050.11045933 1050.11045933
EE user2 39 1200 95.4645872116 954.645872116 1050.11045933 1050.11045933
EE user2 40 1200 95.4645872116 954.645872116 1050.11045933 1050.11045933
EE user4 1 1300 95.4645872116 954.645872116 1050.11045933 1109.94946957
EE user4 2 1300 95.4645872116 954.645872116 1050.11045933 1109.94946957
EE user4 3 1300 95.4645872116 954.645872116 1050.11045933 1109.94946957
EE user4 4 1300 95.4645872116 954.645872116 1050.11045933 1109.94946957
EE user4 5 1300 95.4645872116 954.645872116 1050.11045933 1109.94946957
EE user4 6 1300 54.7840595246 1050.11045933 1104.89451885 1164.73352909
EE user4 7 1300 54.7840595246 1050.11045933 1104.89451885 1164.73352909
EE user4 8 1300 54.7840595246 1050.11045933 1104.89451885 1164.73352909
EE user4 9 1300 54.7840595246 1050.11045933 1104.89451885 1164.73352909
EE user4 10 1300 54.7840595246 1050.11045933 1104.89451885 1164.73352909
EE user4 11 1300 95.4645872116 477.322936058 572.78752327 692.465543747
EE user4 12 1300 95.4645872116 477.322936058 572.78752327 692.465543747
EE user4 13 1300 95.4645872116 477.322936058 572.78752327 692.465543747
EE user4 14 1300 95.4645872116 477.322936058 572.78752327 692.465543747
EE user4 15 1300 95.4645872116 477.322936058 572.78752327 692.465543747
EE user4 16 1300 95.4645872116 572.78752327 668.252110481 787.930130958
EE user4 17 1300 95.4645872116 572.78752327 668.252110481 787.930130958
EE user4 18 1300 95.4645872116 572.78752327 668.252110481 787.930130958
EE user4 19 1300 95.4645872116 572.78752327 668.252110481 787.930130958
EE user4 20 1300 95.4645872116 572.78752327 668.252110481 787.930130958
EE user4 21 1300 95.4645872116 381.858348846 477.322936058 656.839966774
EE user4 22 1300 95.4645872116 381.858348846 477.322936058 656.839966774
EE user4 23 1300 95.4645872116 381.858348846 477.322936058 656.839966774
EE user4 24 1300 95.4645872116 381.858348846 477.322936058 656.839966774
EE user4 25 1300 95.4645872116 381.858348846 477.322936058 656.839966774
EE user4 26 1300 95.4645872116 477.322936058 572.78752327 752.304553986
EE user4 27 1300 95.4645872116 477.322936058 572.78752327 752.304553986
EE user4 28 1300 95.4645872116 477.322936058 572.78752327 752.304553986
EE user4 29 1300 95.4645872116 477.322936058 572.78752327 752.304553986
EE user4 30 1300 95.4645872116 477.322936058 572.78752327 752.304553986
EE user4 31 1300 95.4645872116 286.393761635 381.858348846 621.214389801
EE user4 32 1300 95.4645872116 286.393761635 381.858348846 621.214389801
EE user4 33 1300 95.4645872116 286.393761635 381.858348846 621.214389801
EE user4 34 1300 95.4645872116 286.393761635 381.858348846 621.214389801
EE user4 35 1300 95.4645872116 286.393761635 381.858348846 621.214389801
EE user4 36 1300 95.4645872116 381.858348846 477.322936058 716.678977013
EE user4 37 1300 95.4645872116 381.858348846 477.322936058 716.678977013
EE user4 38 1300 95.4645872116 381.858348846 477.322936058 716.678977013
EE user4 39 1300 95.4645872116 381.858348846 477.322936058 716.678977013
EE user4 40 1300 95.4645872116 381.858348846 477.322936058 716.678977013
EE user4 41 1300 95.4645872116 190.929174423 286.393761635 585.588812828
EE user4 42 1300 95.4645872116 190.929174423 286.393761635 585.588812828
EE user4 43 1300 95.4645872116 190.929174423 286.393761635 585.588812828
EE user4 44 1300 95.4645872116 190.929174423 286.393761635 585.588812828
EE user4 45 1300 95.4645872116 190.929174423 286.393761635 585.588812828
EE user4 46 1300 95.4645872116 286.393761635 381.858348846 681.05340004
EE user4 47 1300 95.4645872116 286.393761635 381.858348846 681.05340004
EE user4 48 1300 95.4645872116 286.393761635 381.858348846 681.05340004
EE user4 49 1300 95.4645872116 286.393761635 381.858348846 681.05340004
EE user4 50 1300 95.4645872116 286.393761635 381.858348846 681.05340004
EE user4 51 1300 95.4645872116 95.4645872116 190.929174423 549.963235855
EE user4 52 1300 95.4645872116 95.4645872116 190.929174423 549.963235855
EE user4 53 1300 95.4645872116 95.4645872116 190.929174423 549.963235855
EE user4 54 1300 95.4645872116 95.4645872116 190.929174423 549.963235855
EE user4 55 1300 95.4645872116 95.4645872116 190.929174423 549.963235855
EE user4 56 1300 95.4645872116 190.929174423 286.393761635 645.427823067
EE user4 57 1300 95.4645872116 190.929174423 286.393761635 645.427823067
EE user4 58 1300 95.4645872116 190.929174423 286.393761635 645.427823067
EE user4 59 1300 95.4645872116 190.929174423 286.393761635 645.427823067
EE user4 60 1300 95.4645872116 190.929174423 286.393761635 645.427823067
EE user4 61 1300 95.4645872116 0 95.4645872116 514.337658882
EE user4 62 1300 95.4645872116 0 95.4645872116 514.337658882
EE user4 63 1300 95.4645872116 0 95.4645872116 514.337658882
EE user4 64 1300 95.4645872116 0 95.4645872116 514.337658882
EE user4 65 1300 95.4645872116 0 95.4645872116 514.337658882
EE user4 66 1300 95.4645872116 95.4645872116 190.929174423 609.802246094
EE user4 67 1300 95.4645872116 95.4645872116 190.929174423 609.802246094
EE user4 68 1300 95.4645872116 95.4645872116 190.929174423 609.802246094
EE user4 69 1300 95.4645872116 95.4645872116 190.929174423 609.802246094
EE user4 70 1300 95.4645872116 95.4645872116 190.929174423 609.802246094
EE user4 71 1300 95.4645872116 0 95.4645872116 574.176669121
EE user4 72 1300 95.4645872116 0 95.4645872116 574.176669121
EE user4 73 1300 95.4645872116 0 95.4645872116 574.176669121
EE user4 74 1300 95.4645872116 0 95.4645872116 574.176669121
EE user4 75 1300 95.4645872116 0 95.4645872116 574.176669121
----------------------------------------------
FF user2 1 1200 33.0375432968 165.187716484 198.225259781 866.477370262
FF user2 2 1200 33.0375432968 165.187716484 198.225259781 866.477370262
FF user2 3 1200 33.0375432968 165.187716484 198.225259781 866.477370262
FF user2 4 1200 33.0375432968 165.187716484 198.225259781 866.477370262
FF user2 5 1200 33.0375432968 165.187716484 198.225259781 866.477370262
FF user2 6 1200 33.0375432968 99.1126298904 132.150173187 895.86687088
FF user2 7 1200 33.0375432968 99.1126298904 132.150173187 895.86687088
FF user2 8 1200 33.0375432968 99.1126298904 132.150173187 895.86687088
FF user2 9 1200 33.0375432968 99.1126298904 132.150173187 895.86687088
FF user2 10 1200 33.0375432968 99.1126298904 132.150173187 895.86687088
FF user2 11 1200 33.0375432968 132.150173187 165.187716484 928.904414177
FF user2 12 1200 33.0375432968 132.150173187 165.187716484 928.904414177
FF user2 13 1200 33.0375432968 132.150173187 165.187716484 928.904414177
FF user2 14 1200 33.0375432968 132.150173187 165.187716484 928.904414177
FF user2 15 1200 33.0375432968 132.150173187 165.187716484 928.904414177
FF user2 16 1200 33.0375432968 66.0750865936 99.1126298904 958.293914795
FF user2 17 1200 33.0375432968 66.0750865936 99.1126298904 958.293914795
FF user2 18 1200 33.0375432968 66.0750865936 99.1126298904 958.293914795
FF user2 19 1200 33.0375432968 66.0750865936 99.1126298904 958.293914795
FF user2 20 1200 33.0375432968 66.0750865936 99.1126298904 958.293914795
FF user2 21 1200 33.0375432968 99.1126298904 132.150173187 991.331458092
FF user2 22 1200 33.0375432968 99.1126298904 132.150173187 991.331458092
FF user2 23 1200 33.0375432968 99.1126298904 132.150173187 991.331458092
FF user2 24 1200 33.0375432968 99.1126298904 132.150173187 991.331458092
FF user2 25 1200 33.0375432968 99.1126298904 132.150173187 991.331458092
FF user2 26 1200 33.0375432968 33.0375432968 66.0750865936 1020.72095871
FF user2 27 1200 33.0375432968 33.0375432968 66.0750865936 1020.72095871
FF user2 28 1200 33.0375432968 33.0375432968 66.0750865936 1020.72095871
FF user2 29 1200 33.0375432968 33.0375432968 66.0750865936 1020.72095871
FF user2 30 1200 33.0375432968 33.0375432968 66.0750865936 1020.72095871
FF user2 31 1200 33.0375432968 66.0750865936 99.1126298904 1053.75850201
FF user2 32 1200 33.0375432968 66.0750865936 99.1126298904 1053.75850201
FF user2 33 1200 33.0375432968 66.0750865936 99.1126298904 1053.75850201
FF user2 34 1200 33.0375432968 66.0750865936 99.1126298904 1053.75850201
FF user2 35 1200 33.0375432968 66.0750865936 99.1126298904 1053.75850201
FF user2 36 1200 33.0375432968 0 33.0375432968 1083.14800262
FF user2 37 1200 33.0375432968 0 33.0375432968 1083.14800262
FF user2 38 1200 33.0375432968 0 33.0375432968 1083.14800262
FF user2 39 1200 33.0375432968 0 33.0375432968 1083.14800262
FF user2 40 1200 33.0375432968 0 33.0375432968 1083.14800262
FF user4 1 1300 33.0375432968 33.0375432968 66.0750865936 1176.02455616
FF user4 2 1300 33.0375432968 33.0375432968 66.0750865936 1176.02455616
FF user4 3 1300 33.0375432968 33.0375432968 66.0750865936 1176.02455616
FF user4 4 1300 33.0375432968 33.0375432968 66.0750865936 1176.02455616
FF user4 5 1300 33.0375432968 33.0375432968 66.0750865936 1176.02455616
FF user4 6 1300 33.0375432968 0 33.0375432968 1197.77107239
FF user4 7 1300 33.0375432968 0 33.0375432968 1197.77107239
FF user4 8 1300 33.0375432968 0 33.0375432968 1197.77107239
FF user4 9 1300 33.0375432968 0 33.0375432968 1197.77107239
FF user4 10 1300 33.0375432968 0 33.0375432968 1197.77107239
FF user4 11 1300 33.0375432968 198.225259781 231.262803078 923.728346824
FF user4 12 1300 33.0375432968 198.225259781 231.262803078 923.728346824
FF user4 13 1300 33.0375432968 198.225259781 231.262803078 923.728346824
FF user4 14 1300 33.0375432968 198.225259781 231.262803078 923.728346824
FF user4 15 1300 33.0375432968 198.225259781 231.262803078 923.728346824
FF user4 16 1300 33.0375432968 132.150173187 165.187716484 953.117847442
FF user4 17 1300 33.0375432968 132.150173187 165.187716484 953.117847442
FF user4 18 1300 33.0375432968 132.150173187 165.187716484 953.117847442
FF user4 19 1300 33.0375432968 132.150173187 165.187716484 953.117847442
FF user4 20 1300 33.0375432968 132.150173187 165.187716484 953.117847442
FF user4 21 1300 33.0375432968 231.262803078 264.300346374 921.140313148
FF user4 22 1300 33.0375432968 231.262803078 264.300346374 921.140313148
FF user4 23 1300 33.0375432968 231.262803078 264.300346374 921.140313148
FF user4 24 1300 33.0375432968 231.262803078 264.300346374 921.140313148
FF user4 25 1300 33.0375432968 231.262803078 264.300346374 921.140313148
FF user4 26 1300 33.0375432968 165.187716484 198.225259781 950.529813766
FF user4 27 1300 33.0375432968 165.187716484 198.225259781 950.529813766
FF user4 28 1300 33.0375432968 165.187716484 198.225259781 950.529813766
FF user4 29 1300 33.0375432968 165.187716484 198.225259781 950.529813766
FF user4 30 1300 33.0375432968 165.187716484 198.225259781 950.529813766
FF user4 31 1300 33.0375432968 264.300346374 297.337889671 918.552279472
FF user4 32 1300 33.0375432968 264.300346374 297.337889671 918.552279472
FF user4 33 1300 33.0375432968 264.300346374 297.337889671 918.552279472
FF user4 34 1300 33.0375432968 264.300346374 297.337889671 918.552279472
FF user4 35 1300 33.0375432968 264.300346374 297.337889671 918.552279472
FF user4 36 1300 33.0375432968 198.225259781 231.262803078 947.94178009
FF user4 37 1300 33.0375432968 198.225259781 231.262803078 947.94178009
FF user4 38 1300 33.0375432968 198.225259781 231.262803078 947.94178009
FF user4 39 1300 33.0375432968 198.225259781 231.262803078 947.94178009
FF user4 40 1300 33.0375432968 198.225259781 231.262803078 947.94178009
FF user4 41 1300 33.0375432968 297.337889671 330.375432968 915.964245796
FF user4 42 1300 33.0375432968 297.337889671 330.375432968 915.964245796
FF user4 43 1300 33.0375432968 297.337889671 330.375432968 915.964245796
FF user4 44 1300 33.0375432968 297.337889671 330.375432968 915.964245796
FF user4 45 1300 33.0375432968 297.337889671 330.375432968 915.964245796
FF user4 46 1300 33.0375432968 231.262803078 264.300346374 945.353746414
FF user4 47 1300 33.0375432968 231.262803078 264.300346374 945.353746414
FF user4 48 1300 33.0375432968 231.262803078 264.300346374 945.353746414
FF user4 49 1300 33.0375432968 231.262803078 264.300346374 945.353746414
FF user4 50 1300 33.0375432968 231.262803078 264.300346374 945.353746414
FF user4 51 1300 33.0375432968 330.375432968 363.412976265 913.37621212
FF user4 52 1300 33.0375432968 330.375432968 363.412976265 913.37621212
FF user4 53 1300 33.0375432968 330.375432968 363.412976265 913.37621212
FF user4 54 1300 33.0375432968 330.375432968 363.412976265 913.37621212
FF user4 55 1300 33.0375432968 330.375432968 363.412976265 913.37621212
FF user4 56 1300 33.0375432968 264.300346374 297.337889671 942.765712738
FF user4 57 1300 33.0375432968 264.300346374 297.337889671 942.765712738
FF user4 58 1300 33.0375432968 264.300346374 297.337889671 942.765712738
FF user4 59 1300 33.0375432968 264.300346374 297.337889671 942.765712738
FF user4 60 1300 33.0375432968 264.300346374 297.337889671 942.765712738
FF user4 61 1300 24.7194766998 363.412976265 388.132452965 902.470111847
FF user4 62 1300 24.7194766998 363.412976265 388.132452965 902.470111847
FF user4 63 1300 24.7194766998 363.412976265 388.132452965 902.470111847
FF user4 64 1300 24.7194766998 363.412976265 388.132452965 902.470111847
FF user4 65 1300 24.7194766998 363.412976265 388.132452965 902.470111847
FF user4 66 1300 33.0375432968 297.337889671 330.375432968 940.177679062
FF user4 67 1300 33.0375432968 297.337889671 330.375432968 940.177679062
FF user4 68 1300 33.0375432968 297.337889671 330.375432968 940.177679062
FF user4 69 1300 33.0375432968 297.337889671 330.375432968 940.177679062
FF user4 70 1300 33.0375432968 297.337889671 330.375432968 940.177679062
FF user4 71 1300 33.0375432968 330.375432968 363.412976265 937.589645386
FF user4 72 1300 33.0375432968 330.375432968 363.412976265 937.589645386
FF user4 73 1300 33.0375432968 330.375432968 363.412976265 937.589645386
FF user4 74 1300 33.0375432968 330.375432968 363.412976265 937.589645386
FF user4 75 1300 33.0375432968 330.375432968 363.412976265 937.589645386
