----------------------------------------------
PP user1 1 2500 1971.86696529 0 1971.86696529 1971.86696529
PP user1 2 2500 1971.86696529 0 1971.86696529 1971.86696529
PP user1 3 2500 1971.86696529 0 1971.86696529 1971.86696529
PP user1 4 2500 1971.86696529 0 1971.86696529 1971.86696529
PP user1 5 2500 1971.86696529 0 1971.86696529 1971.86696529
PP user1 6 2500 1971.86696529 0 1971.86696529 1971.86696529
PP user1 7 2500 1971.86696529 0 1971.86696529 1971.86696529
PP user1 8 2500 1971.86696529 0 1971.86696529 1971.86696529
PP user1 9 2500 1971.86696529 0 1971.86696529 1971.86696529
PP user1 10 2500 1971.86696529 0 1971.86696529 1971.86696529
PP user1 11 2500 1971.86696529 0 1971.86696529 1971.86696529
PP user1 12 2500 1971.86696529 0 1971.86696529 1971.86696529
PP user1 13 2500 1971.86696529 0 1971.86696529 1971.86696529
PP user1 14 2500 1971.86696529 0 1971.86696529 1971.86696529
PP user1 15 2500 1971.86696529 0 1971.86696529 1971.86696529
PP user1 16 2500 1971.86696529 0 1971.86696529 1971.86696529
PP user1 17 2500 1971.86696529 0 1971.86696529 1971.86696529
PP user1 18 2500 1971.86696529 0 1971.86696529 1971.86696529
PP user1 19 2500 1971.86696529 0 1971.86696529 1971.86696529
PP user1 20 2500 1971.86696529 0 1971.86696529 1971.86696529
PP user1 21 2500 1971.86696529 0 1971.86696529 1971.86696529
PP user1 22 2500 1971.86696529 0 1971.86696529 1971.86696529
PP user1 23 2500 1971.86696529 0 1971.86696529 1971.86696529
PP user1 24 2500 1971.86696529 0 1971.86696529 1971.86696529
PP user1 25 2500 1971.86696529 0 1971.86696529 1971.86696529
PP user1 26 2500 1971.86696529 0 1971.86696529 1971.86696529
PP user1 27 2500 1971.86696529 0 1971.86696529 1971.86696529
PP user1 28 2500 1971.86696529 0 1971.86696529 1971.86696529
PP user1 29 2500 1971.86696529 0 1971.86696529 1971.86696529
PP user1 30 2500 1971.86696529 0 1971.86696529 1971.86696529
PP user1 31 2500 1971.86696529 0 1971.86696529 1971.86696529
PP user1 32 2500 1971.86696529 0 1971.86696529 1971.86696529
PP user1 33 2500 1971.86696529 0 1971.86696529 1971.86696529
PP user1 34 2500 1971.86696529 0 1971.86696529 1971.86696529
PP user1 35 2500 1971.86696529 0 1971.86696529 1971.86696529
PP user1 36 2500 1971.86696529 0 1971.86696529 1971.86696529
PP user1 37 2500 1971.86696529 0 1971.86696529 1971.86696529
PP user1 38 2500 1971.86696529 0 1971.86696529 1971.86696529
PP user1 39 2500 1971.86696529 0 1971.86696529 1971.86696529
PP user1 40 2500 1971.86696529 0 1971.86696529 1971.86696529
PP user1 41 2500 1971.86696529 0 1971.86696529 1971.86696529
PP user1 42 2500 1971.86696529 0 1971.86696529 1971.86696529
PP user1 43 2500 1971.86696529 0 1971.86696529 1971.86696529
----------------------------------------------
DD user3 1 1900 243.157863617 243.157863617 486.315727234 486.315727234
DD user3 2 1900 243.157863617 243.157863617 486.315727234 486.315727234
DD user3 3 1900 243.157863617 243.157863617 486.315727234 486.315727234
DD user3 4 1900 243.157863617 243.157863617 486.315727234 486.315727234
DD user3 5 1900 243.157863617 243.157863617 486.315727234 486.315727234
DD user3 6 1900 243.157863617 243.157863617 486.315727234 486.315727234
DD user3 7 1900 243.157863617 243.157863617 486.315727234 486.315727234
DD user3 8 1900 243.157863617 243.157863617 486.315727234 486.315727234
DD user3 9 1900 243.157863617 243.157863617 486.315727234 486.315727234
DD user3 10 1900 243.157863617 243.157863617 486.315727234 486.315727234
DD user3 11 1900 243.157863617 243.157863617 486.315727234 486.315727234
DD user3 12 1900 243.157863617 243.157863617 486.315727234 486.315727234
DD user3 13 1900 243.157863617 243.157863617 486.315727234 486.315727234
DD user3 14 1900 243.157863617 243.157863617 486.315727234 486.315727234
DD user3 15 1900 243.157863617 243.157863617 486.315727234 486.315727234
DD user3 16 1900 243.157863617 243.157863617 486.315727234 486.315727234
DD user3 17 1900 243.157863617 243.157863617 486.315727234 486.315727234
DD user3 18 1900 243.157863617 243.157863617 486.315727234 486.315727234
DD user3 19 1900 243.157863617 243.157863617 486.315727234 486.315727234
DD user3 20 1900 243.157863617 243.157863617 486.315727234 486.315727234
DD user3 21 1900 243.157863617 243.157863617 486.315727234 486.315727234
DD user3 22 1900 243.157863617 243.157863617 486.315727234 486.315727234
DD user3 23 1900 243.157863617 243.157863617 486.315727234 486.315727234
DD user3 24 1900 243.157863617 243.157863617 486.315727234 486.315727234
DD user3 25 1900 243.157863617 243.157863617 486.315727234 486.315727234
DD user3 26 1900 59.8390102386 486.315727234 546.154737473 546.154737473
DD user3 27 1900 59.8390102386 486.315727234 546.154737473 546.154737473
DD user3 28 1900 59.8390102386 486.315727234 546.154737473 546.154737473
DD user3 29 1900 59.8390102386 486.315727234 546.154737473 546.154737473
DD user3 30 1900 59.8390102386 486.315727234 546.154737473 546.154737473
DD user3 31 1900 59.8390102386 486.315727234 546.154737473 546.154737473
DD user3 32 1900 59.8390102386 486.315727234 546.154737473 546.154737473
DD user3 33 1900 59.8390102386 486.315727234 546.154737473 546.154737473
DD user3 34 1900 59.8390102386 486.315727234 546.154737473 546.154737473
DD user3 35 1900 59.8390102386 486.315727234 546.154737473 546.154737473
DD user4 1 1300 243.157863617 0 243.157863617 243.157863617
DD user4 2 1300 243.157863617 0 243.157863617 243.157863617
DD user4 3 1300 243.157863617 0 243.157863617 243.157863617
DD user4 4 1300 243.157863617 0 243.157863617 243.157863617
DD user4 5 1300 243.157863617 0 243.157863617 243.157863617
DD user4 6 1300 243.157863617 0 243.157863617 243.157863617
DD user4 7 1300 243.157863617 0 243.157863617 243.157863617
DD user4 8 1300 243.157863617 0 243.157863617 243.157863617
DD user4 9 1300 243.157863617 0 243.157863617 243.157863617
DD user4 10 1300 243.157863617 0 243.157863617 243.157863617
DD user4 11 1300 243.157863617 0 243.157863617 243.157863617
DD user4 12 1300 243.157863617 0 243.157863617 243.157863617
DD user4 13 1300 243.157863617 0 243.157863617 243.157863617
DD user4 14 1300 243.157863617 0 243.157863617 243.157863617
DD user4 15 1300 243.157863617 0 243.157863617 243.157863617
DD user4 16 1300 243.157863617 0 243.157863617 243.157863617
DD user4 17 1300 243.157863617 0 243.157863617 243.157863617
DD user4 18 1300 243.157863617 0 243.157863617 243.157863617
DD user4 19 1300 243.157863617 0 243.157863617 243.157863617
DD user4 20 1300 243.157863617 0 243.157863617 243.157863617
DD user4 21 1300 243.157863617 0 243.157863617 243.157863617
DD user4 22 1300 243.157863617 0 243.157863617 243.157863617
DD user4 23 1300 243.157863617 0 243.157863617 243.157863617
DD user4 24 1300 243.157863617 0 243.157863617 243.157863617
DD user4 25 1300 243.157863617 0 243.157863617 243.157863617
DD user4 26 1300 243.157863617 0 243.157863617 243.157863617
DD user4 27 1300 243.157863617 0 243.157863617 243.157863617
DD user4 28 1300 243.157863617 0 243.157863617 243.157863617
DD user4 29 1300 243.157863617 0 243.157863617 243.157863617
DD user4 30 1300 243.157863617 0 243.157863617 243.157863617
DD user4 31 1300 243.157863617 0 243.157863617 243.157863617
DD user4 32 1300 243.157863617 0 243.157863617 243.157863617
DD user4 33 1300 243.157863617 0 243.157863617 243.157863617
DD user4 34 1300 243.157863617 0 243.157863617 243.157863617
DD user4 35 1300 243.157863617 0 243.157863617 243.157863617
DD user4 36 1300 243.157863617 0 243.157863617 243.157863617
DD user4 37 1300 243.157863617 0 243.157863617 243.157863617
DD user4 38 1300 243.157863617 0 243.157863617 243.157863617
DD user4 39 1300 243.157863617 0 243.157863617 243.157863617
DD user4 40 1300 243.157863617 0 243.157863617 243.157863617
DD user4 41 1300 243.157863617 0 243.157863617 243.157863617
DD user4 42 1300 243.157863617 0 243.157863617 243.157863617
DD user4 43 1300 243.157863617 0 243.157863617 243.157863617
DD user4 44 1300 243.157863617 0 243.157863617 243.157863617
DD user4 45 1300 243.157863617 0 243.157863617 243.157863617
DD user4 46 1300 243.157863617 0 243.157863617 243.157863617
DD user4 47 1300 243.157863617 0 243.157863617 243.157863617
DD user4 48 1300 243.157863617 0 243.157863617 243.157863617
DD user4 49 1300 243.157863617 0 243.157863617 243.157863617
DD user4 50 1300 243.157863617 0 243.157863617 243.157863617
DD user4 51 1300 243.157863617 243.157863617 486.315727234 486.315727234
DD user4 52 1300 243.157863617 243.157863617 486.315727234 486.315727234
DD user4 53 1300 243.157863617 243.157863617 486.315727234 486.315727234
DD user4 54 1300 243.157863617 243.157863617 486.315727234 486.315727234
DD user4 55 1300 243.157863617 243.157863617 486.315727234 486.315727234
DD user4 56 1300 243.157863617 243.157863617 486.315727234 486.315727234
DD user4 57 1300 243.157863617 243.157863617 486.315727234 486.315727234
DD user4 58 1300 243.157863617 243.157863617 486.315727234 486.315727234
DD user4 59 1300 243.157863617 243.157863617 486.315727234 486.315727234
DD user4 60 1300 243.157863617 243.157863617 486.315727234 486.315727234
DD user4 61 1300 243.157863617 243.157863617 486.315727234 486.315727234
DD user4 62 1300 243.157863617 243.157863617 486.315727234 486.315727234
DD user4 63 1300 243.157863617 243.157863617 486.315727234 486.315727234
DD user4 64 1300 243.157863617 243.157863617 486.315727234 486.315727234
DD user4 65 1300 243.157863617 243.157863617 486.315727234 486.315727234
DD user4 66 1300 243.157863617 243.157863617 486.315727234 486.315727234
DD user4 67 1300 243.157863617 243.157863617 486.315727234 486.315727234
DD user4 68 1300 243.157863617 243.157863617 486.315727234 486.315727234
DD user4 69 1300 243.157863617 243.157863617 486.315727234 486.315727234
DD user4 70 1300 243.157863617 243.157863617 486.315727234 486.315727234
DD user4 71 1300 243.157863617 243.157863617 486.315727234 486.315727234
DD user4 72 1300 243.157863617 243.157863617 486.315727234 486.315727234
DD user4 73 1300 243.157863617 243.157863617 486.315727234 486.315727234
DD user4 74 1300 243.157863617 243.157863617 486.315727234 486.315727234
DD user4 75 1300 243.157863617 243.157863617 486.315727234 486.315727234
----------------------------------------------
BB user1 1 2500 4.30491666667 0 4.30491666667 1976.17188196
BB user1 2 2500 4.30491666667 0 4.30491666667 1976.17188196
BB user1 3 2500 4.30491666667 0 4.30491666667 1976.17188196
BB user1 4 2500 4.30491666667 0 4.30491666667 1976.17188196
BB user1 5 2500 4.30491666667 0 4.30491666667 1976.17188196
BB user1 6 2500 4.30491666667 0 4.30491666667 1976.17188196
BB user1 7 2500 4.30491666667 0 4.30491666667 1976.17188196
BB user1 8 2500 4.30491666667 0 4.30491666667 1976.17188196
BB user1 9 2500 4.30491666667 0 4.30491666667 1976.17188196
BB user1 10 2500 4.30491666667 0 4.30491666667 1976.17188196
BB user1 11 2500 4.30491666667 0 4.30491666667 1976.17188196
BB user1 12 2500 4.30491666667 0 4.30491666667 1976.17188196
BB user1 13 2500 4.30491666667 0 4.30491666667 1976.17188196
BB user1 14 2500 4.30491666667 0 4.30491666667 1976.17188196
BB user1 15 2500 4.30491666667 0 4.30491666667 1976.17188196
BB user1 16 2500 4.30491666667 0 4.30491666667 1976.17188196
BB user1 17 2500 4.30491666667 0 4.30491666667 1976.17188196
BB user1 18 2500 4.30491666667 0 4.30491666667 1976.17188196
BB user1 19 2500 4.30491666667 0 4.30491666667 1976.17188196
BB user1 20 2500 4.30491666667 0 4.30491666667 1976.17188196
BB user1 21 2500 4.30491666667 0 4.30491666667 1976.17188196
BB user1 22 2500 4.30491666667 0 4.30491666667 1976.17188196
BB user1 23 2500 4.30491666667 0 4.30491666667 1976.17188196
BB user1 24 2500 4.30491666667 0 4.30491666667 1976.17188196
BB user1 25 2500 4.30491666667 0 4.30491666667 1976.17188196
BB user1 26 2500 4.30491666667 0 4.30491666667 1976.17188196
BB user1 27 2500 4.30491666667 0 4.30491666667 1976.17188196
BB user1 28 2500 4.30491666667 0 4.30491666667 1976.17188196
BB user1 29 2500 4.30491666667 0 4.30491666667 1976.17188196
BB user1 30 2500 4.30491666667 0 4.30491666667 1976.17188196
BB user1 31 2500 4.30491666667 0 4.30491666667 1976.17188196
BB user1 32 2500 4.30491666667 0 4.30491666667 1976.17188196
BB user1 33 2500 4.30491666667 0 4.30491666667 1976.17188196
BB user1 34 2500 4.30491666667 0 4.30491666667 1976.17188196
BB user1 35 2500 4.30491666667 0 4.30491666667 1976.17188196
BB user1 36 2500 4.30491666667 0 4.30491666667 1976.17188196
BB user1 37 2500 4.30491666667 0 4.30491666667 1976.17188196
BB user1 38 2500 4.30491666667 0 4.30491666667 1976.17188196
BB user1 39 2500 4.30491666667 0 4.30491666667 1976.17188196
BB user1 40 2500 4.30491666667 0 4.30491666667 1976.17188196
BB user1 41 2500 4.30491666667 0 4.30491666667 1976.17188196
BB user1 42 2500 4.30491666667 0 4.30491666667 1976.17188196
BB user1 43 2500 4.30491666667 0 4.30491666667 1976.17188196
BB user3 1 1900 2.41935416667 4.30491666667 6.72427083333 493.039998067
BB user3 2 1900 2.41935416667 4.30491666667 6.72427083333 493.039998067
BB user3 3 1900 2.41935416667 4.30491666667 6.72427083333 493.039998067
BB user3 4 1900 2.41935416667 4.30491666667 6.72427083333 493.039998067
BB user3 5 1900 2.41935416667 4.30491666667 6.72427083333 493.039998067
BB user3 6 1900 2.41935416667 4.30491666667 6.72427083333 493.039998067
BB user3 7 1900 2.41935416667 4.30491666667 6.72427083333 493.039998067
BB user3 8 1900 2.41935416667 4.30491666667 6.72427083333 493.039998067
BB user3 9 1900 2.41935416667 4.30491666667 6.72427083333 493.039998067
BB user3 10 1900 2.41935416667 4.30491666667 6.72427083333 493.039998067
BB user3 11 1900 2.41935416667 4.30491666667 6.72427083333 493.039998067
BB user3 12 1900 2.41935416667 4.30491666667 6.72427083333 493.039998067
BB user3 13 1900 2.41935416667 4.30491666667 6.72427083333 493.039998067
BB user3 14 1900 2.41935416667 4.30491666667 6.72427083333 493.039998067
BB user3 15 1900 2.41935416667 4.30491666667 6.72427083333 493.039998067
BB user3 16 1900 2.41935416667 4.30491666667 6.72427083333 493.039998067
BB user3 17 1900 2.41935416667 4.30491666667 6.72427083333 493.039998067
BB user3 18 1900 2.41935416667 4.30491666667 6.72427083333 493.039998067
BB user3 19 1900 2.41935416667 4.30491666667 6.72427083333 493.039998067
BB user3 20 1900 2.41935416667 4.30491666667 6.72427083333 493.039998067
BB user3 21 1900 2.41935416667 4.30491666667 6.72427083333 493.039998067
BB user3 22 1900 2.41935416667 4.30491666667 6.72427083333 493.039998067
BB user3 23 1900 2.41935416667 4.30491666667 6.72427083333 493.039998067
BB user3 24 1900 2.41935416667 4.30491666667 6.72427083333 493.039998067
BB user3 25 1900 2.41935416667 4.30491666667 6.72427083333 493.039998067
BB user3 26 1900 4.30491666667 0 4.30491666667 550.459654139
BB user3 27 1900 4.30491666667 0 4.30491666667 550.459654139
BB user3 28 1900 4.30491666667 0 4.30491666667 550.459654139
BB user3 29 1900 4.30491666667 0 4.30491666667 550.459654139
BB user3 30 1900 4.30491666667 0 4.30491666667 550.459654139
BB user3 31 1900 4.30491666667 0 4.30491666667 550.459654139
BB user3 32 1900 4.30491666667 0 4.30491666667 550.459654139
BB user3 33 1900 2.41935416667 4.30491666667 6.72427083333 552.879008306
BB user3 34 1900 2.41935416667 4.30491666667 6.72427083333 552.879008306
BB user3 35 1900 2.41935416667 4.30491666667 6.72427083333 552.879008306
----------------------------------------------
CC user1 1 2500 674.6 0 674.6 2650.77188196
CC user1 2 2500 674.6 0 674.6 2650.77188196
CC user1 3 2500 674.6 0 674.6 2650.77188196
CC user1 4 2500 674.6 0 674.6 2650.77188196
CC user1 5 2500 674.6 0 674.6 2650.77188196
CC user1 6 2500 674.6 0 674.6 2650.77188196
CC user1 7 2500 674.6 0 674.6 2650.77188196
CC user1 8 2500 674.6 0 674.6 2650.77188196
CC user1 9 2500 674.6 0 674.6 2650.77188196
CC user1 10 2500 674.6 0 674.6 2650.77188196
CC user1 11 2500 674.6 0 674.6 2650.77188196
CC user1 12 2500 674.6 0 674.6 2650.77188196
CC user1 13 2500 674.6 0 674.6 2650.77188196
CC user1 14 2500 674.6 0 674.6 2650.77188196
CC user1 15 2500 674.6 0 674.6 2650.77188196
CC user1 16 2500 674.6 0 674.6 2650.77188196
CC user1 17 2500 674.6 0 674.6 2650.77188196
CC user1 18 2500 674.6 0 674.6 2650.77188196
CC user1 19 2500 674.6 0 674.6 2650.77188196
CC user1 20 2500 674.6 0 674.6 2650.77188196
CC user1 21 2500 674.6 0 674.6 2650.77188196
CC user1 22 2500 674.6 0 674.6 2650.77188196
CC user1 23 2500 674.6 0 674.6 2650.77188196
CC user1 24 2500 674.6 0 674.6 2650.77188196
CC user1 25 2500 674.6 0 674.6 2650.77188196
CC user1 26 2500 674.6 0 674.6 2650.77188196
CC user1 27 2500 674.6 0 674.6 2650.77188196
CC user1 28 2500 674.6 0 674.6 2650.77188196
CC user1 29 2500 674.6 0 674.6 2650.77188196
CC user1 30 2500 674.6 0 674.6 2650.77188196
CC user1 31 2500 674.6 0 674.6 2650.77188196
CC user1 32 2500 674.6 0 674.6 2650.77188196
CC user1 33 2500 674.6 0 674.6 2650.77188196
CC user1 34 2500 674.6 0 674.6 2650.77188196
CC user1 35 2500 674.6 0 674.6 2650.77188196
CC user1 36 2500 674.6 0 674.6 2650.77188196
CC user1 37 2500 674.6 0 674.6 2650.77188196
CC user1 38 2500 674.6 0 674.6 2650.77188196
CC user1 39 2500 674.6 0 674.6 2650.77188196
CC user1 40 2500 674.6 0 674.6 2650.77188196
CC user1 41 2500 674.6 0 674.6 2650.77188196
CC user1 42 2500 674.6 0 674.6 2650.77188196
CC user1 43 2500 674.6 0 674.6 2650.77188196
CC user3 1 1900 464.8 674.6 1139.4 1632.43999807
CC user3 2 1900 464.8 674.6 1139.4 1632.43999807
CC user3 3 1900 464.8 674.6 1139.4 1632.43999807
CC user3 4 1900 464.8 674.6 1139.4 1632.43999807
CC user3 5 1900 464.8 674.6 1139.4 1632.43999807
CC user3 6 1900 464.8 674.6 1139.4 1632.43999807
CC user3 7 1900 464.8 674.6 1139.4 1632.43999807
CC user3 8 1900 464.8 674.6 1139.4 1632.43999807
CC user3 9 1900 464.8 674.6 1139.4 1632.43999807
CC user3 10 1900 464.8 674.6 1139.4 1632.43999807
CC user3 11 1900 464.8 674.6 1139.4 1632.43999807
CC user3 12 1900 464.8 674.6 1139.4 1632.43999807
CC user3 13 1900 464.8 674.6 1139.4 1632.43999807
CC user3 14 1900 464.8 674.6 1139.4 1632.43999807
CC user3 15 1900 464.8 674.6 1139.4 1632.43999807
CC user3 16 1900 464.8 674.6 1139.4 1632.43999807
CC user3 17 1900 464.8 674.6 1139.4 1632.43999807
CC user3 18 1900 464.8 674.6 1139.4 1632.43999807
CC user3 19 1900 464.8 674.6 1139.4 1632.43999807
CC user3 20 1900 464.8 674.6 1139.4 1632.43999807
CC user3 21 1900 464.8 674.6 1139.4 1632.43999807
CC user3 22 1900 464.8 674.6 1139.4 1632.43999807
CC user3 23 1900 464.8 674.6 1139.4 1632.43999807
CC user3 24 1900 464.8 674.6 1139.4 1632.43999807
CC user3 25 1900 464.8 674.6 1139.4 1632.43999807
CC user3 26 1900 674.6 0 674.6 1225.05965414
CC user3 27 1900 674.6 0 674.6 1225.05965414
CC user3 28 1900 674.6 0 674.6 1225.05965414
CC user3 29 1900 674.6 0 674.6 1225.05965414
CC user3 30 1900 464.8 674.6 1139.4 1689.85965414
CC user3 31 1900 464.8 674.6 1139.4 1689.85965414
CC user3 32 1900 464.8 674.6 1139.4 1689.85965414
CC user3 33 1900 674.6 0 674.6 1227.47900831
CC user3 34 1900 674.6 0 674.6 1227.47900831
CC user3 35 1900 674.6 0 674.6 1227.47900831
----------------------------------------------
EE user2 1 1200 420.964002609 420.964002609 841.928005218 841.928005218
EE user2 2 1200 420.964002609 420.964002609 841.928005218 841.928005218
EE user2 3 1200 420.964002609 420.964002609 841.928005218 841.928005218
EE user2 4 1200 420.964002609 420.964002609 841.928005218 841.928005218
EE user2 5 1200 420.964002609 420.964002609 841.928005218 841.928005218
EE user2 6 1200 420.964002609 420.964002609 841.928005218 841.928005218
EE user2 7 1200 420.964002609 420.964002609 841.928005218 841.928005218
EE user2 8 1200 420.964002609 420.964002609 841.928005218 841.928005218
EE user2 9 1200 420.964002609 420.964002609 841.928005218 841.928005218
EE user2 10 1200 420.964002609 420.964002609 841.928005218 841.928005218
EE user2 11 1200 420.964002609 420.964002609 841.928005218 841.928005218
EE user2 12 1200 420.964002609 420.964002609 841.928005218 841.928005218
EE user2 13 1200 420.964002609 420.964002609 841.928005218 841.928005218
EE user2 14 1200 420.964002609 420.964002609 841.928005218 841.928005218
EE user2 15 1200 420.964002609 420.964002609 841.928005218 841.928005218
EE user2 16 1200 420.964002609 420.964002609 841.928005218 841.928005218
EE user2 17 1200 420.964002609 420.964002609 841.928005218 841.928005218
EE user2 18 1200 420.964002609 420.964002609 841.928005218 841.928005218
EE user2 19 1200 420.964002609 420.964002609 841.928005218 841.928005218
EE user2 20 1200 420.964002609 420.964002609 841.928005218 841.928005218
EE user2 21 1200 420.964002609 420.964002609 841.928005218 841.928005218
EE user2 22 1200 420.964002609 420.964002609 841.928005218 841.928005218
EE user2 23 1200 420.964002609 420.964002609 841.928005218 841.928005218
EE user2 24 1200 420.964002609 420.964002609 841.928005218 841.928005218
EE user2 25 1200 420.964002609 420.964002609 841.928005218 841.928005218
EE user2 26 1200 136.80946827 841.928005218 978.737473487 978.737473487
EE user2 27 1200 136.80946827 841.928005218 978.737473487 978.737473487
EE user2 28 1200 136.80946827 841.928005218 978.737473487 978.737473487
EE user2 29 1200 136.80946827 841.928005218 978.737473487 978.737473487
EE user2 30 1200 136.80946827 841.928005218 978.737473487 978.737473487
EE user2 31 1200 136.80946827 841.928005218 978.737473487 978.737473487
EE user2 32 1200 136.80946827 841.928005218 978.737473487 978.737473487
EE user2 33 1200 136.80946827 841.928005218 978.737473487 978.737473487
EE user2 34 1200 136.80946827 841.928005218 978.737473487 978.737473487
EE user2 35 1200 136.80946827 841.928005218 978.737473487 978.737473487
EE user2 36 1200 136.80946827 841.928005218 978.737473487 978.737473487
EE user2 37 1200 136.80946827 841.928005218 978.737473487 978.737473487
EE user2 38 1200 136.80946827 841.928005218 978.737473487 978.737473487
EE user2 39 1200 136.80946827 841.928005218 978.737473487 978.737473487
EE user2 40 1200 136.80946827 841.928005218 978.737473487 978.737473487
EE user4 1 1300 420.964002609 0 420.964002609 664.121866226
EE user4 2 1300 420.964002609 0 420.964002609 664.121866226
EE user4 3 1300 420.964002609 0 420.964002609 664.121866226
EE user4 4 1300 420.964002609 0 420.964002609 664.121866226
EE user4 5 1300 420.964002609 0 420.964002609 664.121866226
EE user4 6 1300 420.964002609 0 420.964002609 664.121866226
EE user4 7 1300 420.964002609 0 420.964002609 664.121866226
EE user4 8 1300 420.964002609 0 420.964002609 664.121866226
EE user4 9 1300 420.964002609 0 420.964002609 664.121866226
EE user4 10 1300 420.964002609 0 420.964002609 664.121866226
EE user4 11 1300 420.964002609 0 420.964002609 664.121866226
EE user4 12 1300 420.964002609 0 420.964002609 664.121866226
EE user4 13 1300 420.964002609 0 420.964002609 664.121866226
EE user4 14 1300 420.964002609 0 420.964002609 664.121866226
EE user4 15 1300 420.964002609 0 420.964002609 664.121866226
EE user4 16 1300 420.964002609 0 420.964002609 664.121866226
EE user4 17 1300 420.964002609 0 420.964002609 664.121866226
EE user4 18 1300 420.964002609 0 420.964002609 664.121866226
EE user4 19 1300 420.964002609 0 420.964002609 664.121866226
EE user4 20 1300 420.964002609 0 420.964002609 664.121866226
EE user4 21 1300 420.964002609 0 420.964002609 664.121866226
EE user4 22 1300 420.964002609 0 420.964002609 664.121866226
EE user4 23 1300 420.964002609 0 420.964002609 664.121866226
EE user4 24 1300 420.964002609 0 420.964002609 664.121866226
EE user4 25 1300 420.964002609 0 420.964002609 664.121866226
EE user4 26 1300 420.964002609 420.964002609 841.928005218 1085.08586883
EE user4 27 1300 420.964002609 420.964002609 841.928005218 1085.08586883
EE user4 28 1300 420.964002609 420.964002609 841.928005218 1085.08586883
EE user4 29 1300 420.964002609 420.964002609 841.928005218 1085.08586883
EE user4 30 1300 420.964002609 420.964002609 841.928005218 1085.08586883
EE user4 31 1300 420.964002609 420.964002609 841.928005218 1085.08586883
EE user4 32 1300 420.964002609 420.964002609 841.928005218 1085.08586883
EE user4 33 1300 420.964002609 420.964002609 841.928005218 1085.08586883
EE user4 34 1300 420.964002609 420.964002609 841.928005218 1085.08586883
EE user4 35 1300 420.964002609 420.964002609 841.928005218 1085.08586883
EE user4 36 1300 420.964002609 420.964002609 841.928005218 1085.08586883
EE user4 37 1300 420.964002609 420.964002609 841.928005218 1085.08586883
EE user4 38 1300 420.964002609 420.964002609 841.928005218 1085.08586883
EE user4 39 1300 420.964002609 420.964002609 841.928005218 1085.08586883
EE user4 40 1300 420.964002609 420.964002609 841.928005218 1085.08586883
EE user4 41 1300 420.964002609 420.964002609 841.928005218 1085.08586883
EE user4 42 1300 420.964002609 420.964002609 841.928005218 1085.08586883
EE user4 43 1300 420.964002609 420.964002609 841.928005218 1085.08586883
EE user4 44 1300 420.964002609 420.964002609 841.928005218 1085.08586883
EE user4 45 1300 420.964002609 420.964002609 841.928005218 1085.08586883
EE user4 46 1300 420.964002609 420.964002609 841.928005218 1085.08586883
EE user4 47 1300 420.964002609 420.964002609 841.928005218 1085.08586883
EE user4 48 1300 420.964002609 420.964002609 841.928005218 1085.08586883
EE user4 49 1300 420.964002609 420.964002609 841.928005218 1085.08586883
EE user4 50 1300 420.964002609 420.964002609 841.928005218 1085.08586883
EE user4 51 1300 420.964002609 0 420.964002609 907.279729843
EE user4 52 1300 420.964002609 0 420.964002609 907.279729843
EE user4 53 1300 420.964002609 0 420.964002609 907.279729843
EE user4 54 1300 420.964002609 0 420.964002609 907.279729843
EE user4 55 1300 420.964002609 0 420.964002609 907.279729843
EE user4 56 1300 420.964002609 0 420.964002609 907.279729843
EE user4 57 1300 420.964002609 0 420.964002609 907.279729843
EE user4 58 1300 420.964002609 0 420.964002609 907.279729843
EE user4 59 1300 420.964002609 0 420.964002609 907.279729843
EE user4 60 1300 420.964002609 0 420.964002609 907.279729843
EE user4 61 1300 420.964002609 0 420.964002609 907.279729843
EE user4 62 1300 420.964002609 0 420.964002609 907.279729843
EE user4 63 1300 420.964002609 0 420.964002609 907.279729843
EE user4 64 1300 420.964002609 0 420.964002609 907.279729843
EE user4 65 1300 420.964002609 0 420.964002609 907.279729843
EE user4 66 1300 420.964002609 0 420.964002609 907.279729843
EE user4 67 1300 420.964002609 0 420.964002609 907.279729843
EE user4 68 1300 420.964002609 0 420.964002609 907.279729843
EE user4 69 1300 420.964002609 0 420.964002609 907.279729843
EE user4 70 1300 420.964002609 0 420.964002609 907.279729843
EE user4 71 1300 420.964002609 0 420.964002609 907.279729843
EE user4 72 1300 420.964002609 0 420.964002609 907.279729843
EE user4 73 1300 420.964002609 0 420.964002609 907.279729843
EE user4 74 1300 420.964002609 0 420.964002609 907.279729843
EE user4 75 1300 420.964002609 0 420.964002609 907.279729843
----------------------------------------------
FF user2 1 1200 94.5974588394 0 94.5974588394 936.525464057
FF user2 2 1200 94.5974588394 0 94.5974588394 936.525464057
FF user2 3 1200 94.5974588394 0 94.5974588394 936.525464057
FF user2 4 1200 94.5974588394 0 94.5974588394 936.525464057
FF user2 5 1200 94.5974588394 0 94.5974588394 936.525464057
FF user2 6 1200 94.5974588394 0 94.5974588394 936.525464057
FF user2 7 1200 94.5974588394 0 94.5974588394 936.525464057
FF user2 8 1200 94.5974588394 0 94.5974588394 936.525464057
FF user2 9 1200 94.5974588394 0 94.5974588394 936.525464057
FF user2 10 1200 94.5974588394 0 94.5974588394 936.525464057
FF user2 11 1200 94.5974588394 94.5974588394 189.194917679 1031.1229229
FF user2 12 1200 94.5974588394 94.5974588394 189.194917679 1031.1229229
FF user2 13 1200 94.5974588394 94.5974588394 189.194917679 1031.1229229
FF user2 14 1200 94.5974588394 94.5974588394 189.194917679 1031.1229229
FF user2 15 1200 94.5974588394 94.5974588394 189.194917679 1031.1229229
FF user2 16 1200 94.5974588394 94.5974588394 189.194917679 1031.1229229
FF user2 17 1200 94.5974588394 94.5974588394 189.194917679 1031.1229229
FF user2 18 1200 94.5974588394 94.5974588394 189.194917679 1031.1229229
FF user2 19 1200 94.5974588394 94.5974588394 189.194917679 1031.1229229
FF user2 20 1200 94.5974588394 94.5974588394 189.194917679 1031.1229229
FF user2 21 1200 94.5974588394 94.5974588394 189.194917679 1031.1229229
FF user2 22 1200 94.5974588394 94.5974588394 189.194917679 1031.1229229
FF user2 23 1200 94.5974588394 94.5974588394 189.194917679 1031.1229229
FF user2 24 1200 94.5974588394 94.5974588394 189.194917679 1031.1229229
FF user2 25 1200 94.5974588394 94.5974588394 189.194917679 1031.1229229
FF user2 26 1200 94.5974588394 0 94.5974588394 1073.33493233
FF user2 27 1200 94.5974588394 0 94.5974588394 1073.33493233
FF user2 28 1200 94.5974588394 0 94.5974588394 1073.33493233
FF user2 29 1200 94.5974588394 0 94.5974588394 1073.33493233
FF user2 30 1200 94.5974588394 0 94.5974588394 1073.33493233
FF user2 31 1200 94.5974588394 0 94.5974588394 1073.33493233
FF user2 32 1200 94.5974588394 0 94.5974588394 1073.33493233
FF user2 33 1200 94.5974588394 0 94.5974588394 1073.33493233
FF user2 34 1200 94.5974588394 0 94.5974588394 1073.33493233
FF user2 35 1200 94.5974588394 0 94.5974588394 1073.33493233
FF user2 36 1200 94.5974588394 0 94.5974588394 1073.33493233
FF user2 37 1200 94.5974588394 0 94.5974588394 1073.33493233
FF user2 38 1200 94.5974588394 0 94.5974588394 1073.33493233
FF user2 39 1200 94.5974588394 0 94.5974588394 1073.33493233
FF user2 40 1200 94.5974588394 0 94.5974588394 1073.33493233
FF user4 1 1300 94.5974588394 94.5974588394 189.194917679 853.316783905
FF user4 2 1300 94.5974588394 94.5974588394 189.194917679 853.316783905
FF user4 3 1300 94.5974588394 94.5974588394 189.194917679 853.316783905
FF user4 4 1300 94.5974588394 94.5974588394 189.194917679 853.316783905
FF user4 5 1300 94.5974588394 94.5974588394 189.194917679 853.316783905
FF user4 6 1300 94.5974588394 94.5974588394 189.194917679 853.316783905
FF user4 7 1300 94.5974588394 94.5974588394 189.194917679 853.316783905
FF user4 8 1300 94.5974588394 94.5974588394 189.194917679 853.316783905
FF user4 9 1300 94.5974588394 94.5974588394 189.194917679 853.316783905
FF user4 10 1300 94.5974588394 94.5974588394 189.194917679 853.316783905
FF user4 11 1300 44.2215204239 189.194917679 233.416438103 897.538304329
FF user4 12 1300 44.2215204239 189.194917679 233.416438103 897.538304329
FF user4 13 1300 44.2215204239 189.194917679 233.416438103 897.538304329
FF user4 14 1300 44.2215204239 189.194917679 233.416438103 897.538304329
FF user4 15 1300 44.2215204239 189.194917679 233.416438103 897.538304329
FF user4 16 1300 44.2215204239 189.194917679 233.416438103 897.538304329
FF user4 17 1300 44.2215204239 189.194917679 233.416438103 897.538304329
FF user4 18 1300 44.2215204239 189.194917679 233.416438103 897.538304329
FF user4 19 1300 44.2215204239 189.194917679 233.416438103 897.538304329
FF user4 20 1300 44.2215204239 189.194917679 233.416438103 897.538304329
FF user4 21 1300 44.2215204239 189.194917679 233.416438103 897.538304329
FF user4 22 1300 44.2215204239 189.194917679 233.416438103 897.538304329
FF user4 23 1300 44.2215204239 189.194917679 233.416438103 897.538304329
FF user4 24 1300 44.2215204239 189.194917679 233.416438103 897.538304329
FF user4 25 1300 44.2215204239 189.194917679 233.416438103 897.538304329
FF user4 26 1300 94.5974588394 0 94.5974588394 1179.68332767
FF user4 27 1300 94.5974588394 0 94.5974588394 1179.68332767
FF user4 28 1300 94.5974588394 0 94.5974588394 1179.68332767
FF user4 29 1300 94.5974588394 0 94.5974588394 1179.68332767
FF user4 30 1300 94.5974588394 0 94.5974588394 1179.68332767
FF user4 31 1300 94.5974588394 0 94.5974588394 1179.68332767
FF user4 32 1300 94.5974588394 0 94.5974588394 1179.68332767
FF user4 33 1300 94.5974588394 0 94.5974588394 1179.68332767
FF user4 34 1300 94.5974588394 0 94.5974588394 1179.68332767
FF user4 35 1300 94.5974588394 0 94.5974588394 1179.68332767
FF user4 36 1300 94.5974588394 0 94.5974588394 1179.68332767
FF user4 37 1300 94.5974588394 0 94.5974588394 1179.68332767
FF user4 38 1300 94.5974588394 0 94.5974588394 1179.68332767
FF user4 39 1300 94.5974588394 0 94.5974588394 1179.68332767
FF user4 40 1300 94.5974588394 0 94.5974588394 1179.68332767
FF user4 41 1300 94.5974588394 0 94.5974588394 1179.68332767
FF user4 42 1300 94.5974588394 0 94.5974588394 1179.68332767
FF user4 43 1300 94.5974588394 0 94.5974588394 1179.68332767
FF user4 44 1300 94.5974588394 0 94.5974588394 1179.68332767
FF user4 45 1300 94.5974588394 0 94.5974588394 1179.68332767
FF user4 46 1300 94.5974588394 0 94.5974588394 1179.68332767
FF user4 47 1300 94.5974588394 0 94.5974588394 1179.68332767
FF user4 48 1300 94.5974588394 0 94.5974588394 1179.68332767
FF user4 49 1300 94.5974588394 0 94.5974588394 1179.68332767
FF user4 50 1300 94.5974588394 0 94.5974588394 1179.68332767
FF user4 51 1300 94.5974588394 94.5974588394 189.194917679 1096.47464752
FF user4 52 1300 94.5974588394 94.5974588394 189.194917679 1096.47464752
FF user4 53 1300 94.5974588394 94.5974588394 189.194917679 1096.47464752
FF user4 54 1300 94.5974588394 94.5974588394 189.194917679 1096.47464752
FF user4 55 1300 94.5974588394 94.5974588394 189.194917679 1096.47464752
FF user4 56 1300 94.5974588394 94.5974588394 189.194917679 1096.47464752
FF user4 57 1300 94.5974588394 94.5974588394 189.194917679 1096.47464752
FF user4 58 1300 94.5974588394 94.5974588394 189.194917679 1096.47464752
FF user4 59 1300 94.5974588394 94.5974588394 189.194917679 1096.47464752
FF user4 60 1300 94.5974588394 94.5974588394 189.194917679 1096.47464752
FF user4 61 1300 94.5974588394 94.5974588394 189.194917679 1096.47464752
FF user4 62 1300 94.5974588394 94.5974588394 189.194917679 1096.47464752
FF user4 63 1300 94.5974588394 94.5974588394 189.194917679 1096.47464752
FF user4 64 1300 94.5974588394 94.5974588394 189.194917679 1096.47464752
FF user4 65 1300 94.5974588394 94.5974588394 189.194917679 1096.47464752
FF user4 66 1300 94.5974588394 94.5974588394 189.194917679 1096.47464752
FF user4 67 1300 94.5974588394 94.5974588394 189.194917679 1096.47464752
FF user4 68 1300 94.5974588394 94.5974588394 189.194917679 1096.47464752
FF user4 69 1300 94.5974588394 94.5974588394 189.194917679 1096.47464752
FF user4 70 1300 94.5974588394 94.5974588394 189.194917679 1096.47464752
FF user4 71 1300 94.5974588394 94.5974588394 189.194917679 1096.47464752
FF user4 72 1300 94.5974588394 94.5974588394 189.194917679 1096.47464752
FF user4 73 1300 94.5974588394 94.5974588394 189.194917679 1096.47464752
FF user4 74 1300 94.5974588394 94.5974588394 189.194917679 1096.47464752
FF user4 75 1300 94.5974588394 94.5974588394 189.194917679 1096.47464752
