----------------------------------------------
PP
PP user1 1 2500 1583.74142647 0 1583.74142647 1583.74142647
PP user1 2 2500 1583.74142647 0 1583.74142647 1583.74142647
PP user1 3 2500 1583.74142647 0 1583.74142647 1583.74142647
PP user1 4 2500 1583.74142647 0 1583.74142647 1583.74142647
PP user1 5 2500 1583.74142647 0 1583.74142647 1583.74142647
PP user1 6 2500 1583.74142647 0 1583.74142647 1583.74142647
PP user1 7 2500 1583.74142647 0 1583.74142647 1583.74142647
PP user1 8 2500 1583.74142647 0 1583.74142647 1583.74142647
PP user1 9 2500 1583.74142647 0 1583.74142647 1583.74142647
PP user1 10 2500 1583.74142647 0 1583.74142647 1583.74142647
PP user1 11 2500 1583.74142647 0 1583.74142647 1583.74142647
PP user1 12 2500 1583.74142647 0 1583.74142647 1583.74142647
PP user1 13 2500 1583.74142647 0 1583.74142647 1583.74142647
PP user1 14 2500 1583.74142647 0 1583.74142647 1583.74142647
PP user1 15 2500 1583.74142647 0 1583.74142647 1583.74142647
PP user1 16 2500 1583.74142647 0 1583.74142647 1583.74142647
PP user1 17 2500 1583.74142647 0 1583.74142647 1583.74142647
PP user1 18 2500 1583.74142647 0 1583.74142647 1583.74142647
PP user1 19 2500 1583.74142647 0 1583.74142647 1583.74142647
PP user1 20 2500 1583.74142647 0 1583.74142647 1583.74142647
PP user1 21 2500 1583.74142647 0 1583.74142647 1583.74142647
PP user1 22 2500 1583.74142647 0 1583.74142647 1583.74142647
PP user1 23 2500 1583.74142647 0 1583.74142647 1583.74142647
PP user1 24 2500 1583.74142647 0 1583.74142647 1583.74142647
PP user1 25 2500 1583.74142647 0 1583.74142647 1583.74142647
PP user1 26 2500 1583.74142647 0 1583.74142647 1583.74142647
PP user1 27 2500 1583.74142647 0 1583.74142647 1583.74142647
PP user1 28 2500 1583.74142647 0 1583.74142647 1583.74142647
PP user1 29 2500 1583.74142647 0 1583.74142647 1583.74142647
PP user1 30 2500 1583.74142647 0 1583.74142647 1583.74142647
PP user1 31 2500 1583.74142647 0 1583.74142647 1583.74142647
PP user1 32 2500 1583.74142647 0 1583.74142647 1583.74142647
PP user1 33 2500 1583.74142647 0 1583.74142647 1583.74142647
PP user1 34 2500 1583.74142647 0 1583.74142647 1583.74142647
PP user1 35 2500 1583.74142647 0 1583.74142647 1583.74142647
----------------------------------------------
DD
DD user3 1 1900 322.065234184 0 322.065234184 322.065234184
DD user3 2 1900 322.065234184 0 322.065234184 322.065234184
DD user3 3 1900 322.065234184 0 322.065234184 322.065234184
DD user3 4 1900 322.065234184 0 322.065234184 322.065234184
DD user3 5 1900 105.376601219 322.065234184 427.441835403 427.441835403
DD user3 6 1900 105.376601219 322.065234184 427.441835403 427.441835403
DD user3 7 1900 105.376601219 322.065234184 427.441835403 427.441835403
DD user3 8 1900 105.376601219 322.065234184 427.441835403 427.441835403
DD user3 9 1900 105.376601219 322.065234184 427.441835403 427.441835403
DD user3 10 1900 105.376601219 322.065234184 427.441835403 427.441835403
DD user3 11 1900 105.376601219 322.065234184 427.441835403 427.441835403
DD user3 12 1900 105.376601219 322.065234184 427.441835403 427.441835403
DD user3 13 1900 105.376601219 322.065234184 427.441835403 427.441835403
DD user3 14 1900 105.376601219 322.065234184 427.441835403 427.441835403
DD user3 15 1900 105.376601219 322.065234184 427.441835403 427.441835403
DD user3 16 1900 105.376601219 322.065234184 427.441835403 427.441835403
DD user3 17 1900 105.376601219 322.065234184 427.441835403 427.441835403
DD user3 18 1900 105.376601219 322.065234184 427.441835403 427.441835403
DD user3 19 1900 105.376601219 322.065234184 427.441835403 427.441835403
DD user3 20 1900 105.376601219 322.065234184 427.441835403 427.441835403
DD user3 21 1900 105.376601219 322.065234184 427.441835403 427.441835403
DD user3 22 1900 105.376601219 322.065234184 427.441835403 427.441835403
DD user3 23 1900 105.376601219 322.065234184 427.441835403 427.441835403
DD user3 24 1900 105.376601219 322.065234184 427.441835403 427.441835403
DD user3 25 1900 105.376601219 322.065234184 427.441835403 427.441835403
DD user4 1 1300 322.065234184 0 322.065234184 322.065234184
DD user4 2 1300 322.065234184 0 322.065234184 322.065234184
DD user4 3 1300 322.065234184 0 322.065234184 322.065234184
DD user4 4 1300 322.065234184 0 322.065234184 322.065234184
DD user4 5 1300 322.065234184 0 322.065234184 322.065234184
DD user4 6 1300 322.065234184 0 322.065234184 322.065234184
DD user4 7 1300 322.065234184 0 322.065234184 322.065234184
DD user4 8 1300 322.065234184 0 322.065234184 322.065234184
DD user4 9 1300 322.065234184 0 322.065234184 322.065234184
DD user4 10 1300 322.065234184 0 322.065234184 322.065234184
DD user4 11 1300 322.065234184 0 322.065234184 322.065234184
DD user4 12 1300 322.065234184 0 322.065234184 322.065234184
DD user4 13 1300 322.065234184 0 322.065234184 322.065234184
DD user4 14 1300 322.065234184 0 322.065234184 322.065234184
DD user4 15 1300 322.065234184 0 322.065234184 322.065234184
DD user4 16 1300 322.065234184 0 322.065234184 322.065234184
DD user4 17 1300 322.065234184 0 322.065234184 322.065234184
DD user4 18 1300 322.065234184 0 322.065234184 322.065234184
DD user4 19 1300 322.065234184 0 322.065234184 322.065234184
DD user4 20 1300 322.065234184 0 322.065234184 322.065234184
DD user4 21 1300 322.065234184 0 322.065234184 322.065234184
DD user4 22 1300 322.065234184 0 322.065234184 322.065234184
DD user4 23 1300 322.065234184 0 322.065234184 322.065234184
DD user4 24 1300 322.065234184 0 322.065234184 322.065234184
DD user4 25 1300 322.065234184 0 322.065234184 322.065234184
DD user4 26 1300 322.065234184 0 322.065234184 322.065234184
DD user4 27 1300 322.065234184 0 322.065234184 322.065234184
DD user4 28 1300 322.065234184 0 322.065234184 322.065234184
DD user4 29 1300 322.065234184 0 322.065234184 322.065234184
DD user4 30 1300 322.065234184 0 322.065234184 322.065234184
DD user4 31 1300 322.065234184 0 322.065234184 322.065234184
DD user4 32 1300 322.065234184 0 322.065234184 322.065234184
DD user4 33 1300 322.065234184 0 322.065234184 322.065234184
DD user4 34 1300 322.065234184 0 322.065234184 322.065234184
DD user4 35 1300 322.065234184 0 322.065234184 322.065234184
DD user4 36 1300 322.065234184 0 322.065234184 322.065234184
DD user4 37 1300 322.065234184 0 322.065234184 322.065234184
DD user4 38 1300 322.065234184 0 322.065234184 322.065234184
DD user4 39 1300 322.065234184 0 322.065234184 322.065234184
DD user4 40 1300 322.065234184 0 322.065234184 322.065234184
DD user4 41 1300 322.065234184 0 322.065234184 322.065234184
DD user4 42 1300 322.065234184 0 322.065234184 322.065234184
DD user4 43 1300 322.065234184 0 322.065234184 322.065234184
DD user4 44 1300 322.065234184 0 322.065234184 322.065234184
DD user4 45 1300 322.065234184 0 322.065234184 322.065234184
DD user4 46 1300 322.065234184 0 322.065234184 322.065234184
DD user4 47 1300 322.065234184 0 322.065234184 322.065234184
DD user4 48 1300 322.065234184 0 322.065234184 322.065234184
DD user4 49 1300 322.065234184 0 322.065234184 322.065234184
DD user4 50 1300 322.065234184 0 322.065234184 322.065234184
DD user4 51 1300 322.065234184 0 322.065234184 322.065234184
DD user4 52 1300 322.065234184 0 322.065234184 322.065234184
DD user4 53 1300 322.065234184 0 322.065234184 322.065234184
DD user4 54 1300 322.065234184 0 322.065234184 322.065234184
DD user4 55 1300 322.065234184 0 322.065234184 322.065234184
DD user4 56 1300 322.065234184 0 322.065234184 322.065234184
DD user4 57 1300 322.065234184 0 322.065234184 322.065234184
DD user4 58 1300 322.065234184 0 322.065234184 322.065234184
DD user4 59 1300 322.065234184 0 322.065234184 322.065234184
DD user4 60 1300 322.065234184 0 322.065234184 322.065234184
----------------------------------------------
BB
BB user1 1 2500 458.954083333 0 458.954083333 2042.6955098
BB user1 2 2500 458.954083333 0 458.954083333 2042.6955098
BB user1 3 2500 458.954083333 0 458.954083333 2042.6955098
BB user1 4 2500 458.954083333 0 458.954083333 2042.6955098
BB user1 5 2500 458.954083333 0 458.954083333 2042.6955098
BB user1 6 2500 458.954083333 0 458.954083333 2042.6955098
BB user1 7 2500 458.954083333 0 458.954083333 2042.6955098
BB user1 8 2500 458.954083333 0 458.954083333 2042.6955098
BB user1 9 2500 458.954083333 0 458.954083333 2042.6955098
BB user1 10 2500 458.954083333 0 458.954083333 2042.6955098
BB user1 11 2500 458.954083333 0 458.954083333 2042.6955098
BB user1 12 2500 458.954083333 0 458.954083333 2042.6955098
BB user1 13 2500 458.954083333 0 458.954083333 2042.6955098
BB user1 14 2500 458.954083333 0 458.954083333 2042.6955098
BB user1 15 2500 458.954083333 0 458.954083333 2042.6955098
BB user1 16 2500 458.954083333 0 458.954083333 2042.6955098
BB user1 17 2500 458.954083333 0 458.954083333 2042.6955098
BB user1 18 2500 458.954083333 0 458.954083333 2042.6955098
BB user1 19 2500 458.954083333 0 458.954083333 2042.6955098
BB user1 20 2500 458.954083333 0 458.954083333 2042.6955098
BB user1 21 2500 458.954083333 0 458.954083333 2042.6955098
BB user1 22 2500 458.954083333 0 458.954083333 2042.6955098
BB user1 23 2500 458.954083333 0 458.954083333 2042.6955098
BB user1 24 2500 458.954083333 0 458.954083333 2042.6955098
BB user1 25 2500 458.954083333 0 458.954083333 2042.6955098
BB user1 26 2500 458.954083333 0 458.954083333 2042.6955098
BB user1 27 2500 458.954083333 0 458.954083333 2042.6955098
BB user1 28 2500 458.954083333 0 458.954083333 2042.6955098
BB user1 29 2500 458.954083333 0 458.954083333 2042.6955098
BB user1 30 2500 458.954083333 0 458.954083333 2042.6955098
BB user1 31 2500 458.954083333 0 458.954083333 2042.6955098
BB user1 32 2500 458.954083333 0 458.954083333 2042.6955098
BB user1 33 2500 458.954083333 0 458.954083333 2042.6955098
BB user1 34 2500 458.954083333 0 458.954083333 2042.6955098
BB user1 35 2500 458.954083333 0 458.954083333 2042.6955098
BB user3 1 1900 458.954083333 0 458.954083333 781.019317518
BB user3 2 1900 458.954083333 0 458.954083333 781.019317518
BB user3 3 1900 458.954083333 0 458.954083333 781.019317518
BB user3 4 1900 458.954083333 0 458.954083333 781.019317518
BB user3 5 1900 458.954083333 0 458.954083333 886.395918737
BB user3 6 1900 458.954083333 0 458.954083333 886.395918737
BB user3 7 1900 458.954083333 0 458.954083333 886.395918737
BB user3 8 1900 458.954083333 0 458.954083333 886.395918737
BB user3 9 1900 458.954083333 0 458.954083333 886.395918737
BB user3 10 1900 458.954083333 0 458.954083333 886.395918737
BB user3 11 1900 458.954083333 0 458.954083333 886.395918737
BB user3 12 1900 458.954083333 0 458.954083333 886.395918737
BB user3 13 1900 458.954083333 0 458.954083333 886.395918737
BB user3 14 1900 458.954083333 0 458.954083333 886.395918737
BB user3 15 1900 458.954083333 0 458.954083333 886.395918737
BB user3 16 1900 458.954083333 0 458.954083333 886.395918737
BB user3 17 1900 458.954083333 0 458.954083333 886.395918737
BB user3 18 1900 458.954083333 0 458.954083333 886.395918737
BB user3 19 1900 458.954083333 0 458.954083333 886.395918737
BB user3 20 1900 458.954083333 0 458.954083333 886.395918737
BB user3 21 1900 458.954083333 0 458.954083333 886.395918737
BB user3 22 1900 458.954083333 0 458.954083333 886.395918737
BB user3 23 1900 458.954083333 0 458.954083333 886.395918737
BB user3 24 1900 458.954083333 0 458.954083333 886.395918737
BB user3 25 1900 458.954083333 0 458.954083333 886.395918737
----------------------------------------------
CC
CC user1 1 2500 456.8 0 456.8 2499.4955098
CC user1 2 2500 456.8 0 456.8 2499.4955098
CC user1 3 2500 456.8 0 456.8 2499.4955098
CC user1 4 2500 456.8 0 456.8 2499.4955098
CC user1 5 2500 456.8 0 456.8 2499.4955098
CC user1 6 2500 456.8 0 456.8 2499.4955098
CC user1 7 2500 456.8 0 456.8 2499.4955098
CC user1 8 2500 456.8 0 456.8 2499.4955098
CC user1 9 2500 456.8 0 456.8 2499.4955098
CC user1 10 2500 456.8 0 456.8 2499.4955098
CC user1 11 2500 456.8 0 456.8 2499.4955098
CC user1 12 2500 456.8 0 456.8 2499.4955098
CC user1 13 2500 456.8 0 456.8 2499.4955098
CC user1 14 2500 456.8 0 456.8 2499.4955098
CC user1 15 2500 456.8 0 456.8 2499.4955098
CC user1 16 2500 456.8 0 456.8 2499.4955098
CC user1 17 2500 456.8 0 456.8 2499.4955098
CC user1 18 2500 456.8 0 456.8 2499.4955098
CC user1 19 2500 456.8 0 456.8 2499.4955098
CC user1 20 2500 456.8 0 456.8 2499.4955098
CC user1 21 2500 456.8 0 456.8 2499.4955098
CC user1 22 2500 456.8 0 456.8 2499.4955098
CC user1 23 2500 456.8 0 456.8 2499.4955098
CC user1 24 2500 456.8 0 456.8 2499.4955098
CC user1 25 2500 456.8 0 456.8 2499.4955098
CC user1 26 2500 456.8 0 456.8 2499.4955098
CC user1 27 2500 456.8 0 456.8 2499.4955098
CC user1 28 2500 456.8 0 456.8 2499.4955098
CC user1 29 2500 456.8 0 456.8 2499.4955098
CC user1 30 2500 239.8 456.8 696.6 2739.2955098
CC user1 31 2500 239.8 696.6 936.4 2979.0955098
CC user1 32 2500 239.8 936.4 1176.2 3218.8955098
CC user1 33 2500 239.8 1176.2 1416.0 3458.6955098
CC user1 34 2500 239.8 1416.0 1655.8 3698.4955098
CC user1 35 2500 239.8 1655.8 1895.6 3938.2955098
CC user3 1 1900 239.8 6931.4 7171.2 7952.21931752
CC user3 2 1900 239.8 7171.2 7411.0 8192.01931752
CC user3 3 1900 239.8 7411.0 7650.8 8431.81931752
CC user3 4 1900 239.8 7650.8 7890.6 8671.61931752
CC user3 5 1900 239.8 1895.6 2135.4 3021.79591874
CC user3 6 1900 239.8 2135.4 2375.2 3261.59591874
CC user3 7 1900 239.8 2375.2 2615.0 3501.39591874
CC user3 8 1900 239.8 2615.0 2854.8 3741.19591874
CC user3 9 1900 239.8 2854.8 3094.6 3980.99591874
CC user3 10 1900 239.8 3094.6 3334.4 4220.79591874
CC user3 11 1900 239.8 3334.4 3574.2 4460.59591874
CC user3 12 1900 239.8 3574.2 3814.0 4700.39591874
CC user3 13 1900 239.8 3814.0 4053.8 4940.19591874
CC user3 14 1900 239.8 4053.8 4293.6 5179.99591874
CC user3 15 1900 239.8 4293.6 4533.4 5419.79591874
CC user3 16 1900 239.8 4533.4 4773.2 5659.59591874
CC user3 17 1900 239.8 4773.2 5013.0 5899.39591874
CC user3 18 1900 239.8 5013.0 5252.8 6139.19591874
CC user3 19 1900 239.8 5252.8 5492.6 6378.99591874
CC user3 20 1900 239.8 5492.6 5732.4 6618.79591874
CC user3 21 1900 239.8 5732.4 5972.2 6858.59591874
CC user3 22 1900 239.8 5972.2 6212.0 7098.39591874
CC user3 23 1900 239.8 6212.0 6451.8 7338.19591874
CC user3 24 1900 239.8 6451.8 6691.6 7577.99591874
CC user3 25 1900 239.8 6691.6 6931.4 7817.79591874
----------------------------------------------
EE
EE user2 1 1200 537.450075149 0 537.450075149 537.450075149
EE user2 2 1200 537.450075149 0 537.450075149 537.450075149
EE user2 3 1200 537.450075149 0 537.450075149 537.450075149
EE user2 4 1200 537.450075149 0 537.450075149 537.450075149
EE user2 5 1200 467.762947083 537.450075149 1005.21302223 1005.21302223
EE user2 6 1200 467.762947083 537.450075149 1005.21302223 1005.21302223
EE user2 7 1200 467.762947083 537.450075149 1005.21302223 1005.21302223
EE user2 8 1200 467.762947083 537.450075149 1005.21302223 1005.21302223
EE user2 9 1200 467.762947083 537.450075149 1005.21302223 1005.21302223
EE user2 10 1200 467.762947083 537.450075149 1005.21302223 1005.21302223
EE user2 11 1200 467.762947083 537.450075149 1005.21302223 1005.21302223
EE user2 12 1200 467.762947083 537.450075149 1005.21302223 1005.21302223
EE user2 13 1200 467.762947083 537.450075149 1005.21302223 1005.21302223
EE user2 14 1200 467.762947083 537.450075149 1005.21302223 1005.21302223
EE user2 15 1200 467.762947083 537.450075149 1005.21302223 1005.21302223
EE user2 16 1200 467.762947083 537.450075149 1005.21302223 1005.21302223
EE user2 17 1200 467.762947083 537.450075149 1005.21302223 1005.21302223
EE user2 18 1200 467.762947083 537.450075149 1005.21302223 1005.21302223
EE user2 19 1200 467.762947083 537.450075149 1005.21302223 1005.21302223
EE user2 20 1200 467.762947083 537.450075149 1005.21302223 1005.21302223
EE user2 21 1200 467.762947083 537.450075149 1005.21302223 1005.21302223
EE user2 22 1200 467.762947083 537.450075149 1005.21302223 1005.21302223
EE user2 23 1200 467.762947083 537.450075149 1005.21302223 1005.21302223
EE user2 24 1200 467.762947083 537.450075149 1005.21302223 1005.21302223
EE user2 25 1200 467.762947083 537.450075149 1005.21302223 1005.21302223
EE user2 26 1200 467.762947083 537.450075149 1005.21302223 1005.21302223
EE user2 27 1200 467.762947083 537.450075149 1005.21302223 1005.21302223
EE user2 28 1200 467.762947083 537.450075149 1005.21302223 1005.21302223
EE user2 29 1200 467.762947083 537.450075149 1005.21302223 1005.21302223
EE user2 30 1200 467.762947083 537.450075149 1005.21302223 1005.21302223
EE user2 31 1200 467.762947083 537.450075149 1005.21302223 1005.21302223
EE user2 32 1200 467.762947083 537.450075149 1005.21302223 1005.21302223
EE user2 33 1200 467.762947083 537.450075149 1005.21302223 1005.21302223
EE user2 34 1200 467.762947083 537.450075149 1005.21302223 1005.21302223
EE user2 35 1200 467.762947083 537.450075149 1005.21302223 1005.21302223
EE user2 36 1200 467.762947083 537.450075149 1005.21302223 1005.21302223
EE user2 37 1200 467.762947083 537.450075149 1005.21302223 1005.21302223
EE user2 38 1200 467.762947083 537.450075149 1005.21302223 1005.21302223
EE user2 39 1200 467.762947083 537.450075149 1005.21302223 1005.21302223
EE user2 40 1200 467.762947083 537.450075149 1005.21302223 1005.21302223
EE user2 41 1200 467.762947083 537.450075149 1005.21302223 1005.21302223
EE user2 42 1200 467.762947083 537.450075149 1005.21302223 1005.21302223
EE user2 43 1200 467.762947083 537.450075149 1005.21302223 1005.21302223
EE user2 44 1200 467.762947083 537.450075149 1005.21302223 1005.21302223
EE user2 45 1200 467.762947083 537.450075149 1005.21302223 1005.21302223
EE user2 46 1200 467.762947083 537.450075149 1005.21302223 1005.21302223
EE user2 47 1200 467.762947083 537.450075149 1005.21302223 1005.21302223
EE user2 48 1200 467.762947083 537.450075149 1005.21302223 1005.21302223
EE user2 49 1200 467.762947083 537.450075149 1005.21302223 1005.21302223
EE user2 50 1200 467.762947083 537.450075149 1005.21302223 1005.21302223
EE user2 51 1200 467.762947083 537.450075149 1005.21302223 1005.21302223
EE user2 52 1200 467.762947083 537.450075149 1005.21302223 1005.21302223
EE user2 53 1200 467.762947083 537.450075149 1005.21302223 1005.21302223
EE user2 54 1200 467.762947083 537.450075149 1005.21302223 1005.21302223
EE user2 55 1200 467.762947083 537.450075149 1005.21302223 1005.21302223
EE user2 56 1200 467.762947083 537.450075149 1005.21302223 1005.21302223
EE user2 57 1200 467.762947083 537.450075149 1005.21302223 1005.21302223
EE user2 58 1200 467.762947083 537.450075149 1005.21302223 1005.21302223
EE user2 59 1200 467.762947083 537.450075149 1005.21302223 1005.21302223
EE user2 60 1200 467.762947083 537.450075149 1005.21302223 1005.21302223
EE user4 1 1300 537.450075149 0 537.450075149 859.515309334
EE user4 2 1300 537.450075149 0 537.450075149 859.515309334
EE user4 3 1300 537.450075149 0 537.450075149 859.515309334
EE user4 4 1300 537.450075149 0 537.450075149 859.515309334
EE user4 5 1300 537.450075149 0 537.450075149 859.515309334
EE user4 6 1300 537.450075149 0 537.450075149 859.515309334
EE user4 7 1300 537.450075149 0 537.450075149 859.515309334
EE user4 8 1300 537.450075149 0 537.450075149 859.515309334
EE user4 9 1300 537.450075149 0 537.450075149 859.515309334
EE user4 10 1300 537.450075149 0 537.450075149 859.515309334
EE user4 11 1300 537.450075149 0 537.450075149 859.515309334
EE user4 12 1300 537.450075149 0 537.450075149 859.515309334
EE user4 13 1300 537.450075149 0 537.450075149 859.515309334
EE user4 14 1300 537.450075149 0 537.450075149 859.515309334
EE user4 15 1300 537.450075149 0 537.450075149 859.515309334
EE user4 16 1300 537.450075149 0 537.450075149 859.515309334
EE user4 17 1300 537.450075149 0 537.450075149 859.515309334
EE user4 18 1300 537.450075149 0 537.450075149 859.515309334
EE user4 19 1300 537.450075149 0 537.450075149 859.515309334
EE user4 20 1300 537.450075149 0 537.450075149 859.515309334
EE user4 21 1300 537.450075149 0 537.450075149 859.515309334
EE user4 22 1300 537.450075149 0 537.450075149 859.515309334
EE user4 23 1300 537.450075149 0 537.450075149 859.515309334
EE user4 24 1300 537.450075149 0 537.450075149 859.515309334
EE user4 25 1300 537.450075149 0 537.450075149 859.515309334
EE user4 26 1300 537.450075149 0 537.450075149 859.515309334
EE user4 27 1300 537.450075149 0 537.450075149 859.515309334
EE user4 28 1300 537.450075149 0 537.450075149 859.515309334
EE user4 29 1300 537.450075149 0 537.450075149 859.515309334
EE user4 30 1300 537.450075149 0 537.450075149 859.515309334
EE user4 31 1300 537.450075149 0 537.450075149 859.515309334
EE user4 32 1300 537.450075149 0 537.450075149 859.515309334
EE user4 33 1300 537.450075149 0 537.450075149 859.515309334
EE user4 34 1300 537.450075149 0 537.450075149 859.515309334
EE user4 35 1300 537.450075149 0 537.450075149 859.515309334
EE user4 36 1300 537.450075149 0 537.450075149 859.515309334
EE user4 37 1300 537.450075149 0 537.450075149 859.515309334
EE user4 38 1300 537.450075149 0 537.450075149 859.515309334
EE user4 39 1300 537.450075149 0 537.450075149 859.515309334
EE user4 40 1300 537.450075149 0 537.450075149 859.515309334
EE user4 41 1300 537.450075149 0 537.450075149 859.515309334
EE user4 42 1300 537.450075149 0 537.450075149 859.515309334
EE user4 43 1300 537.450075149 0 537.450075149 859.515309334
EE user4 44 1300 537.450075149 0 537.450075149 859.515309334
EE user4 45 1300 537.450075149 0 537.450075149 859.515309334
EE user4 46 1300 537.450075149 0 537.450075149 859.515309334
EE user4 47 1300 537.450075149 0 537.450075149 859.515309334
EE user4 48 1300 537.450075149 0 537.450075149 859.515309334
EE user4 49 1300 537.450075149 0 537.450075149 859.515309334
EE user4 50 1300 537.450075149 0 537.450075149 859.515309334
EE user4 51 1300 537.450075149 0 537.450075149 859.515309334
EE user4 52 1300 537.450075149 0 537.450075149 859.515309334
EE user4 53 1300 537.450075149 0 537.450075149 859.515309334
EE user4 54 1300 537.450075149 0 537.450075149 859.515309334
EE user4 55 1300 537.450075149 0 537.450075149 859.515309334
EE user4 56 1300 537.450075149 0 537.450075149 859.515309334
EE user4 57 1300 537.450075149 0 537.450075149 859.515309334
EE user4 58 1300 537.450075149 0 537.450075149 859.515309334
EE user4 59 1300 537.450075149 0 537.450075149 859.515309334
EE user4 60 1300 537.450075149 0 537.450075149 859.515309334
----------------------------------------------
FF
FF user2 1 1200 103.977441788 129.574537277 233.551979065 771.002054214
FF user2 2 1200 103.977441788 129.574537277 233.551979065 771.002054214
FF user2 3 1200 103.977441788 129.574537277 233.551979065 771.002054214
FF user2 4 1200 103.977441788 129.574537277 233.551979065 771.002054214
FF user2 5 1200 129.574537277 0 129.574537277 1134.78755951
FF user2 6 1200 129.574537277 0 129.574537277 1134.78755951
FF user2 7 1200 129.574537277 0 129.574537277 1134.78755951
FF user2 8 1200 129.574537277 0 129.574537277 1134.78755951
FF user2 9 1200 129.574537277 0 129.574537277 1134.78755951
FF user2 10 1200 129.574537277 0 129.574537277 1134.78755951
FF user2 11 1200 129.574537277 0 129.574537277 1134.78755951
FF user2 12 1200 129.574537277 0 129.574537277 1134.78755951
FF user2 13 1200 129.574537277 0 129.574537277 1134.78755951
FF user2 14 1200 129.574537277 0 129.574537277 1134.78755951
FF user2 15 1200 129.574537277 0 129.574537277 1134.78755951
FF user2 16 1200 129.574537277 0 129.574537277 1134.78755951
FF user2 17 1200 129.574537277 0 129.574537277 1134.78755951
FF user2 18 1200 129.574537277 0 129.574537277 1134.78755951
FF user2 19 1200 129.574537277 0 129.574537277 1134.78755951
FF user2 20 1200 129.574537277 0 129.574537277 1134.78755951
FF user2 21 1200 129.574537277 0 129.574537277 1134.78755951
FF user2 22 1200 129.574537277 0 129.574537277 1134.78755951
FF user2 23 1200 129.574537277 0 129.574537277 1134.78755951
FF user2 24 1200 129.574537277 0 129.574537277 1134.78755951
FF user2 25 1200 129.574537277 0 129.574537277 1134.78755951
FF user2 26 1200 129.574537277 0 129.574537277 1134.78755951
FF user2 27 1200 129.574537277 0 129.574537277 1134.78755951
FF user2 28 1200 129.574537277 0 129.574537277 1134.78755951
FF user2 29 1200 129.574537277 0 129.574537277 1134.78755951
FF user2 30 1200 129.574537277 0 129.574537277 1134.78755951
FF user2 31 1200 129.574537277 0 129.574537277 1134.78755951
FF user2 32 1200 129.574537277 0 129.574537277 1134.78755951
FF user2 33 1200 129.574537277 0 129.574537277 1134.78755951
FF user2 34 1200 129.574537277 0 129.574537277 1134.78755951
FF user2 35 1200 129.574537277 0 129.574537277 1134.78755951
FF user2 36 1200 129.574537277 0 129.574537277 1134.78755951
FF user2 37 1200 129.574537277 0 129.574537277 1134.78755951
FF user2 38 1200 129.574537277 0 129.574537277 1134.78755951
FF user2 39 1200 129.574537277 0 129.574537277 1134.78755951
FF user2 40 1200 129.574537277 0 129.574537277 1134.78755951
FF user2 41 1200 129.574537277 0 129.574537277 1134.78755951
FF user2 42 1200 129.574537277 0 129.574537277 1134.78755951
FF user2 43 1200 129.574537277 0 129.574537277 1134.78755951
FF user2 44 1200 129.574537277 0 129.574537277 1134.78755951
FF user2 45 1200 129.574537277 0 129.574537277 1134.78755951
FF user2 46 1200 129.574537277 0 129.574537277 1134.78755951
FF user2 47 1200 129.574537277 0 129.574537277 1134.78755951
FF user2 48 1200 129.574537277 0 129.574537277 1134.78755951
FF user2 49 1200 129.574537277 0 129.574537277 1134.78755951
FF user2 50 1200 129.574537277 0 129.574537277 1134.78755951
FF user2 51 1200 129.574537277 0 129.574537277 1134.78755951
FF user2 52 1200 129.574537277 0 129.574537277 1134.78755951
FF user2 53 1200 129.574537277 0 129.574537277 1134.78755951
FF user2 54 1200 129.574537277 0 129.574537277 1134.78755951
FF user2 55 1200 129.574537277 0 129.574537277 1134.78755951
FF user2 56 1200 129.574537277 0 129.574537277 1134.78755951
FF user2 57 1200 129.574537277 0 129.574537277 1134.78755951
FF user2 58 1200 129.574537277 0 129.574537277 1134.78755951
FF user2 59 1200 129.574537277 0 129.574537277 1134.78755951
FF user2 60 1200 129.574537277 0 129.574537277 1134.78755951
FF user4 1 1300 129.574537277 0 129.574537277 989.089846611
FF user4 2 1300 129.574537277 0 129.574537277 989.089846611
FF user4 3 1300 129.574537277 0 129.574537277 989.089846611
FF user4 4 1300 129.574537277 0 129.574537277 989.089846611
FF user4 5 1300 129.574537277 0 129.574537277 989.089846611
FF user4 6 1300 129.574537277 0 129.574537277 989.089846611
FF user4 7 1300 129.574537277 0 129.574537277 989.089846611
FF user4 8 1300 129.574537277 0 129.574537277 989.089846611
FF user4 9 1300 103.977441788 129.574537277 233.551979065 1093.0672884
FF user4 10 1300 103.977441788 129.574537277 233.551979065 1093.0672884
FF user4 11 1300 103.977441788 129.574537277 233.551979065 1093.0672884
FF user4 12 1300 103.977441788 129.574537277 233.551979065 1093.0672884
FF user4 13 1300 103.977441788 129.574537277 233.551979065 1093.0672884
FF user4 14 1300 103.977441788 129.574537277 233.551979065 1093.0672884
FF user4 15 1300 103.977441788 129.574537277 233.551979065 1093.0672884
FF user4 16 1300 103.977441788 129.574537277 233.551979065 1093.0672884
FF user4 17 1300 103.977441788 129.574537277 233.551979065 1093.0672884
FF user4 18 1300 103.977441788 129.574537277 233.551979065 1093.0672884
FF user4 19 1300 103.977441788 129.574537277 233.551979065 1093.0672884
FF user4 20 1300 103.977441788 129.574537277 233.551979065 1093.0672884
FF user4 21 1300 103.977441788 129.574537277 233.551979065 1093.0672884
FF user4 22 1300 103.977441788 129.574537277 233.551979065 1093.0672884
FF user4 23 1300 103.977441788 129.574537277 233.551979065 1093.0672884
FF user4 24 1300 103.977441788 129.574537277 233.551979065 1093.0672884
FF user4 25 1300 103.977441788 129.574537277 233.551979065 1093.0672884
FF user4 26 1300 103.977441788 129.574537277 233.551979065 1093.0672884
FF user4 27 1300 103.977441788 129.574537277 233.551979065 1093.0672884
FF user4 28 1300 103.977441788 129.574537277 233.551979065 1093.0672884
FF user4 29 1300 103.977441788 129.574537277 233.551979065 1093.0672884
FF user4 30 1300 103.977441788 129.574537277 233.551979065 1093.0672884
FF user4 31 1300 103.977441788 129.574537277 233.551979065 1093.0672884
FF user4 32 1300 103.977441788 129.574537277 233.551979065 1093.0672884
FF user4 33 1300 103.977441788 129.574537277 233.551979065 1093.0672884
FF user4 34 1300 103.977441788 129.574537277 233.551979065 1093.0672884
FF user4 35 1300 103.977441788 129.574537277 233.551979065 1093.0672884
FF user4 36 1300 103.977441788 129.574537277 233.551979065 1093.0672884
FF user4 37 1300 103.977441788 129.574537277 233.551979065 1093.0672884
FF user4 38 1300 103.977441788 129.574537277 233.551979065 1093.0672884
FF user4 39 1300 103.977441788 129.574537277 233.551979065 1093.0672884
FF user4 40 1300 103.977441788 129.574537277 233.551979065 1093.0672884
FF user4 41 1300 103.977441788 129.574537277 233.551979065 1093.0672884
FF user4 42 1300 103.977441788 129.574537277 233.551979065 1093.0672884
FF user4 43 1300 103.977441788 129.574537277 233.551979065 1093.0672884
FF user4 44 1300 103.977441788 129.574537277 233.551979065 1093.0672884
FF user4 45 1300 103.977441788 129.574537277 233.551979065 1093.0672884
FF user4 46 1300 103.977441788 129.574537277 233.551979065 1093.0672884
FF user4 47 1300 103.977441788 129.574537277 233.551979065 1093.0672884
FF user4 48 1300 103.977441788 129.574537277 233.551979065 1093.0672884
FF user4 49 1300 103.977441788 129.574537277 233.551979065 1093.0672884
FF user4 50 1300 103.977441788 129.574537277 233.551979065 1093.0672884
FF user4 51 1300 103.977441788 129.574537277 233.551979065 1093.0672884
FF user4 52 1300 103.977441788 129.574537277 233.551979065 1093.0672884
FF user4 53 1300 103.977441788 129.574537277 233.551979065 1093.0672884
FF user4 54 1300 103.977441788 129.574537277 233.551979065 1093.0672884
FF user4 55 1300 103.977441788 129.574537277 233.551979065 1093.0672884
FF user4 56 1300 103.977441788 129.574537277 233.551979065 1093.0672884
FF user4 57 1300 103.977441788 129.574537277 233.551979065 1093.0672884
FF user4 58 1300 103.977441788 129.574537277 233.551979065 1093.0672884
FF user4 59 1300 103.977441788 129.574537277 233.551979065 1093.0672884
FF user4 60 1300 103.977441788 129.574537277 233.551979065 1093.0672884
