----------------------------------------------
PP user1 1 2500 461.187958717 0 461.187958717 461.187958717
PP user1 2 2500 461.187958717 0 461.187958717 461.187958717
PP user1 3 2500 461.187958717 0 461.187958717 461.187958717
PP user1 4 2500 461.187958717 0 461.187958717 461.187958717
PP user1 5 2500 461.187958717 0 461.187958717 461.187958717
PP user1 6 2500 461.187958717 0 461.187958717 461.187958717
PP user1 7 2500 461.187958717 0 461.187958717 461.187958717
PP user1 8 2500 461.187958717 0 461.187958717 461.187958717
PP user1 9 2500 461.187958717 0 461.187958717 461.187958717
PP user1 10 2500 461.187958717 0 461.187958717 461.187958717
----------------------------------------------
DD user2 1 1800 126.385807991 0 126.385807991 126.385807991
DD user2 2 1800 126.385807991 0 126.385807991 126.385807991
DD user2 3 1800 126.385807991 0 126.385807991 126.385807991
DD user2 4 1800 126.385807991 0 126.385807991 126.385807991
DD user2 5 1800 126.385807991 0 126.385807991 126.385807991
DD user2 6 1800 126.385807991 0 126.385807991 126.385807991
DD user2 7 1800 126.385807991 0 126.385807991 126.385807991
DD user2 8 1800 126.385807991 0 126.385807991 126.385807991
DD user2 9 1800 126.385807991 0 126.385807991 126.385807991
DD user2 10 1800 126.385807991 0 126.385807991 126.385807991
DD user2 11 1800 126.385807991 0 126.385807991 126.385807991
DD user2 12 1800 126.385807991 0 126.385807991 126.385807991
DD user2 13 1800 126.385807991 0 126.385807991 126.385807991
DD user2 14 1800 126.385807991 0 126.385807991 126.385807991
DD user2 15 1800 126.385807991 0 126.385807991 126.385807991
DD user2 16 1800 126.385807991 0 126.385807991 126.385807991
DD user2 17 1800 126.385807991 0 126.385807991 126.385807991
DD user2 18 1800 126.385807991 0 126.385807991 126.385807991
DD user2 19 1800 126.385807991 0 126.385807991 126.385807991
DD user2 20 1800 126.385807991 0 126.385807991 126.385807991
DD user2 21 1800 126.385807991 0 126.385807991 126.385807991
DD user2 22 1800 126.385807991 0 126.385807991 126.385807991
DD user2 23 1800 126.385807991 0 126.385807991 126.385807991
DD user2 24 1800 126.385807991 0 126.385807991 126.385807991
DD user2 25 1800 126.385807991 0 126.385807991 126.385807991
DD user2 26 1800 126.385807991 0 126.385807991 126.385807991
DD user2 27 1800 31.9586992264 126.385807991 158.344507217 158.344507217
DD user2 28 1800 31.9586992264 126.385807991 158.344507217 158.344507217
DD user2 29 1800 31.9586992264 126.385807991 158.344507217 158.344507217
DD user2 30 1800 31.9586992264 126.385807991 158.344507217 158.344507217
----------------------------------------------
BB user1 1 2500 122.6055625 188.523291667 311.128854167 772.316812884
BB user1 2 2500 122.6055625 188.523291667 311.128854167 772.316812884
BB user1 3 2500 122.6055625 188.523291667 311.128854167 772.316812884
BB user1 4 2500 122.6055625 188.523291667 311.128854167 772.316812884
BB user1 5 2500 122.6055625 188.523291667 311.128854167 772.316812884
BB user1 6 2500 122.6055625 188.523291667 311.128854167 772.316812884
BB user1 7 2500 122.6055625 188.523291667 311.128854167 772.316812884
BB user1 8 2500 122.6055625 188.523291667 311.128854167 772.316812884
BB user1 9 2500 122.6055625 188.523291667 311.128854167 772.316812884
BB user1 10 2500 122.6055625 188.523291667 311.128854167 772.316812884
BB user2 1 1800 188.523291667 0 188.523291667 314.909099658
BB user2 2 1800 188.523291667 0 188.523291667 314.909099658
BB user2 3 1800 188.523291667 0 188.523291667 314.909099658
BB user2 4 1800 188.523291667 0 188.523291667 314.909099658
BB user2 5 1800 188.523291667 0 188.523291667 314.909099658
BB user2 6 1800 188.523291667 0 188.523291667 314.909099658
BB user2 7 1800 188.523291667 0 188.523291667 314.909099658
BB user2 8 1800 188.523291667 0 188.523291667 314.909099658
BB user2 9 1800 188.523291667 0 188.523291667 314.909099658
BB user2 10 1800 188.523291667 0 188.523291667 314.909099658
BB user2 11 1800 188.523291667 0 188.523291667 314.909099658
BB user2 12 1800 188.523291667 0 188.523291667 314.909099658
BB user2 13 1800 188.523291667 0 188.523291667 314.909099658
BB user2 14 1800 188.523291667 0 188.523291667 314.909099658
BB user2 15 1800 188.523291667 0 188.523291667 314.909099658
BB user2 16 1800 188.523291667 0 188.523291667 314.909099658
BB user2 17 1800 188.523291667 0 188.523291667 314.909099658
BB user2 18 1800 188.523291667 0 188.523291667 314.909099658
BB user2 19 1800 188.523291667 0 188.523291667 314.909099658
BB user2 20 1800 188.523291667 0 188.523291667 314.909099658
BB user2 21 1800 188.523291667 0 188.523291667 314.909099658
BB user2 22 1800 122.6055625 188.523291667 311.128854167 437.514662158
BB user2 23 1800 122.6055625 188.523291667 311.128854167 437.514662158
BB user2 24 1800 122.6055625 188.523291667 311.128854167 437.514662158
BB user2 25 1800 122.6055625 188.523291667 311.128854167 437.514662158
BB user2 26 1800 122.6055625 188.523291667 311.128854167 437.514662158
BB user2 27 1800 188.523291667 0 188.523291667 346.867798884
BB user2 28 1800 188.523291667 0 188.523291667 346.867798884
BB user2 29 1800 188.523291667 0 188.523291667 346.867798884
BB user2 30 1800 188.523291667 0 188.523291667 346.867798884
----------------------------------------------
CC user1 1 2500 398.0 456.8 854.8 1627.11681288
CC user1 2 2500 398.0 456.8 854.8 1627.11681288
CC user1 3 2500 398.0 456.8 854.8 1627.11681288
CC user1 4 2500 398.0 456.8 854.8 1627.11681288
CC user1 5 2500 398.0 456.8 854.8 1627.11681288
CC user1 6 2500 398.0 456.8 854.8 1627.11681288
CC user1 7 2500 398.0 456.8 854.8 1627.11681288
CC user1 8 2500 398.0 456.8 854.8 1627.11681288
CC user1 9 2500 398.0 456.8 854.8 1627.11681288
CC user1 10 2500 398.0 456.8 854.8 1627.11681288
CC user2 1 1800 456.8 0 456.8 771.709099658
CC user2 2 1800 456.8 0 456.8 771.709099658
CC user2 3 1800 456.8 0 456.8 771.709099658
CC user2 4 1800 456.8 0 456.8 771.709099658
CC user2 5 1800 456.8 0 456.8 771.709099658
CC user2 6 1800 456.8 0 456.8 771.709099658
CC user2 7 1800 456.8 0 456.8 771.709099658
CC user2 8 1800 456.8 0 456.8 771.709099658
CC user2 9 1800 456.8 0 456.8 771.709099658
CC user2 10 1800 456.8 0 456.8 771.709099658
CC user2 11 1800 456.8 0 456.8 771.709099658
CC user2 12 1800 456.8 0 456.8 771.709099658
CC user2 13 1800 456.8 0 456.8 771.709099658
CC user2 14 1800 456.8 0 456.8 771.709099658
CC user2 15 1800 456.8 0 456.8 771.709099658
CC user2 16 1800 398.0 456.8 854.8 1169.70909966
CC user2 17 1800 398.0 456.8 854.8 1169.70909966
CC user2 18 1800 398.0 456.8 854.8 1169.70909966
CC user2 19 1800 398.0 456.8 854.8 1169.70909966
CC user2 20 1800 398.0 456.8 854.8 1169.70909966
CC user2 21 1800 398.0 456.8 854.8 1169.70909966
CC user2 22 1800 398.0 456.8 854.8 1292.31466216
CC user2 23 1800 398.0 456.8 854.8 1292.31466216
CC user2 24 1800 398.0 456.8 854.8 1292.31466216
CC user2 25 1800 398.0 456.8 854.8 1292.31466216
CC user2 26 1800 398.0 456.8 854.8 1292.31466216
CC user2 27 1800 456.8 0 456.8 803.667798884
CC user2 28 1800 456.8 0 456.8 803.667798884
CC user2 29 1800 456.8 0 456.8 803.667798884
CC user2 30 1800 456.8 0 456.8 803.667798884
CC user3 1 1300 456.8 0 456.8 456.8
CC user3 2 1300 456.8 0 456.8 456.8
CC user3 3 1300 456.8 0 456.8 456.8
CC user3 4 1300 456.8 0 456.8 456.8
CC user3 5 1300 456.8 0 456.8 456.8
CC user3 6 1300 456.8 0 456.8 456.8
CC user3 7 1300 456.8 0 456.8 456.8
CC user3 8 1300 456.8 0 456.8 456.8
CC user3 9 1300 456.8 0 456.8 456.8
CC user3 10 1300 456.8 0 456.8 456.8
----------------------------------------------
GG user2 1 1800 816.422581672 0 816.422581672 1588.13168133
GG user2 2 1800 816.422581672 0 816.422581672 1588.13168133
GG user2 3 1800 816.422581672 0 816.422581672 1588.13168133
GG user2 4 1800 816.422581672 0 816.422581672 1588.13168133
GG user2 5 1800 816.422581672 0 816.422581672 1588.13168133
GG user2 6 1800 816.422581672 0 816.422581672 1588.13168133
GG user2 7 1800 816.422581672 0 816.422581672 1588.13168133
GG user2 8 1800 816.422581672 0 816.422581672 1588.13168133
GG user2 9 1800 816.422581672 0 816.422581672 1588.13168133
GG user2 10 1800 655.274391175 816.422581672 1471.69697285 2243.4060725
GG user2 11 1800 655.274391175 816.422581672 1471.69697285 2243.4060725
GG user2 12 1800 655.274391175 816.422581672 1471.69697285 2243.4060725
GG user2 13 1800 655.274391175 816.422581672 1471.69697285 2243.4060725
GG user2 14 1800 655.274391175 816.422581672 1471.69697285 2243.4060725
GG user2 15 1800 655.274391175 816.422581672 1471.69697285 2243.4060725
GG user2 16 1800 655.274391175 816.422581672 1471.69697285 2641.4060725
GG user2 17 1800 655.274391175 816.422581672 1471.69697285 2641.4060725
GG user2 18 1800 655.274391175 816.422581672 1471.69697285 2641.4060725
GG user2 19 1800 655.274391175 816.422581672 1471.69697285 2641.4060725
GG user2 20 1800 655.274391175 816.422581672 1471.69697285 2641.4060725
GG user2 21 1800 655.274391175 816.422581672 1471.69697285 2641.4060725
GG user2 22 1800 655.274391175 816.422581672 1471.69697285 2764.011635
GG user2 23 1800 655.274391175 816.422581672 1471.69697285 2764.011635
GG user2 24 1800 655.274391175 816.422581672 1471.69697285 2764.011635
GG user2 25 1800 655.274391175 816.422581672 1471.69697285 2764.011635
GG user2 26 1800 655.274391175 816.422581672 1471.69697285 2764.011635
GG user2 27 1800 816.422581672 0 816.422581672 1620.09038056
GG user2 28 1800 816.422581672 0 816.422581672 1620.09038056
GG user2 29 1800 816.422581672 0 816.422581672 1620.09038056
GG user2 30 1800 816.422581672 0 816.422581672 1620.09038056
GG user3 1 1300 816.422581672 0 816.422581672 1273.22258167
GG user3 2 1300 816.422581672 0 816.422581672 1273.22258167
GG user3 3 1300 816.422581672 0 816.422581672 1273.22258167
GG user3 4 1300 816.422581672 0 816.422581672 1273.22258167
GG user3 5 1300 816.422581672 0 816.422581672 1273.22258167
GG user3 6 1300 816.422581672 0 816.422581672 1273.22258167
GG user3 7 1300 816.422581672 0 816.422581672 1273.22258167
GG user3 8 1300 816.422581672 0 816.422581672 1273.22258167
GG user3 9 1300 816.422581672 0 816.422581672 1273.22258167
GG user3 10 1300 816.422581672 0 816.422581672 1273.22258167
