----------------------------------------------
PP user1 1 2500 92.9700136184 0 92.9700136184 92.9700136184
PP user1 2 2500 92.9700136184 92.9700136184 185.940027237 185.940027237
PP user1 3 2500 92.9700136184 185.940027237 278.910040855 278.910040855
PP user1 4 2500 92.9700136184 278.910040855 371.880054474 371.880054474
PP user1 5 2500 92.9700136184 371.880054474 464.850068092 464.850068092
PP user1 6 2500 92.9700136184 464.850068092 557.820081711 557.820081711
PP user1 7 2500 92.9700136184 557.820081711 650.790095329 650.790095329
PP user1 8 2500 92.9700136184 650.790095329 743.760108948 743.760108948
PP user1 9 2500 92.9700136184 743.760108948 836.730122566 836.730122566
PP user1 10 2500 92.9700136184 836.730122566 929.700136185 929.700136185
PP user1 11 2500 92.9700136184 929.700136185 1022.6701498 1022.6701498
PP user1 12 2500 92.9700136184 1022.6701498 1115.64016342 1115.64016342
PP user1 13 2500 92.9700136184 1115.64016342 1208.61017704 1208.61017704
PP user1 14 2500 92.9700136184 1208.61017704 1301.58019066 1301.58019066
PP user1 15 2500 92.9700136184 1301.58019066 1394.55020428 1394.55020428
PP user1 16 2500 92.9700136184 1394.55020428 1487.5202179 1487.5202179
PP user1 17 2500 92.9700136184 1487.5202179 1580.49023151 1580.49023151
PP user1 18 2500 92.9700136184 1580.49023151 1673.46024513 1673.46024513
PP user1 19 2500 92.9700136184 1673.46024513 1766.43025875 1766.43025875
PP user1 20 2500 92.9700136184 1766.43025875 1859.40027237 1859.40027237
----------------------------------------------
DD user2 1 2000 27.6348590851 0 27.6348590851 27.6348590851
DD user2 2 2000 27.6348590851 27.6348590851 55.2697181702 55.2697181702
DD user2 3 2000 27.6348590851 55.2697181702 82.9045772552 82.9045772552
DD user2 4 2000 27.6348590851 82.9045772552 110.53943634 110.53943634
DD user2 5 2000 27.6348590851 110.53943634 138.174295425 138.174295425
DD user2 6 2000 27.6348590851 138.174295425 165.80915451 165.80915451
DD user2 7 2000 27.6348590851 165.80915451 193.444013596 193.444013596
DD user2 8 2000 27.6348590851 193.444013596 221.078872681 221.078872681
DD user2 9 2000 27.6348590851 221.078872681 248.713731766 248.713731766
DD user2 10 2000 27.6348590851 248.713731766 276.348590851 276.348590851
DD user2 11 2000 27.6348590851 276.348590851 303.983449936 303.983449936
DD user2 12 2000 27.6348590851 303.983449936 331.618309021 331.618309021
DD user2 13 2000 27.6348590851 331.618309021 359.253168106 359.253168106
DD user2 14 2000 27.6348590851 359.253168106 386.888027191 386.888027191
DD user2 15 2000 27.6348590851 386.888027191 414.522886276 414.522886276
DD user2 16 2000 27.6348590851 414.522886276 442.157745361 442.157745361
DD user2 17 2000 27.6348590851 442.157745361 469.792604446 469.792604446
DD user2 18 2000 27.6348590851 469.792604446 497.427463531 497.427463531
DD user2 19 2000 27.6348590851 497.427463531 525.062322617 525.062322617
DD user2 20 2000 27.6348590851 525.062322617 552.697181702 552.697181702
DD user2 21 2000 27.6348590851 552.697181702 580.332040787 580.332040787
DD user2 22 2000 27.6348590851 580.332040787 607.966899872 607.966899872
DD user2 23 2000 27.6348590851 607.966899872 635.601758957 635.601758957
DD user2 24 2000 27.6348590851 635.601758957 663.236618042 663.236618042
DD user2 25 2000 27.6348590851 663.236618042 690.871477127 690.871477127
DD user2 26 2000 27.6348590851 690.871477127 718.506336212 718.506336212
DD user2 27 2000 27.6348590851 718.506336212 746.141195297 746.141195297
DD user2 28 2000 27.6348590851 746.141195297 773.776054382 773.776054382
DD user2 29 2000 27.6348590851 773.776054382 801.410913467 801.410913467
DD user2 30 2000 27.6348590851 801.410913467 829.045772552 829.045772552
----------------------------------------------
BB user1 1 2500 25.1984583333 1234.72445833 1259.92291667 1352.89293029
BB user1 2 2500 25.1984583333 1209.526 1234.72445833 1420.66448557
BB user1 3 2500 25.1984583333 1184.32754167 1209.526 1488.43604086
BB user1 4 2500 25.1984583333 1159.12908333 1184.32754167 1556.20759614
BB user1 5 2500 25.1984583333 1133.930625 1159.12908333 1623.97915143
BB user1 6 2500 25.1984583333 1108.73216667 1133.930625 1691.75070671
BB user1 7 2500 25.1984583333 1083.53370833 1108.73216667 1759.522262
BB user1 8 2500 25.1984583333 1058.33525 1083.53370833 1827.29381728
BB user1 9 2500 25.1984583333 1033.13679167 1058.33525 1895.06537257
BB user1 10 2500 25.1984583333 1007.93833333 1033.13679167 1962.83692785
BB user1 11 2500 25.1984583333 982.739875 1007.93833333 2030.60848314
BB user1 12 2500 25.1984583333 957.541416667 982.739875 2098.38003842
BB user1 13 2500 25.1984583333 932.342958333 957.541416667 2166.15159371
BB user1 14 2500 25.1984583333 907.1445 932.342958333 2233.92314899
BB user1 15 2500 25.1984583333 881.946041667 907.1445 2301.69470428
BB user1 16 2500 25.1984583333 806.350666667 831.549125 2319.0693429
BB user1 17 2500 25.1984583333 680.358375 705.556833333 2286.04706485
BB user1 18 2500 25.1984583333 579.564541667 604.763 2278.22324513
BB user1 19 2500 25.1984583333 453.57225 478.770708333 2245.20096708
BB user1 20 2500 25.1984583333 352.778416667 377.976875 2237.37714737
BB user2 1 2000 25.1984583333 856.747583333 881.946041667 909.580900752
BB user2 2 2000 25.1984583333 831.549125 856.747583333 912.017301503
BB user2 3 2000 25.1984583333 781.152208333 806.350666667 889.255243922
BB user2 4 2000 25.1984583333 755.95375 781.152208333 891.691644674
BB user2 5 2000 25.1984583333 730.755291667 755.95375 894.128045425
BB user2 6 2000 25.1984583333 705.556833333 730.755291667 896.564446177
BB user2 7 2000 25.1984583333 655.159916667 680.358375 873.802388596
BB user2 8 2000 25.1984583333 629.961458333 655.159916667 876.238789347
BB user2 9 2000 25.1984583333 604.763 629.961458333 878.675190099
BB user2 10 2000 25.1984583333 554.366083333 579.564541667 855.913132517
BB user2 11 2000 25.1984583333 529.167625 554.366083333 858.349533269
BB user2 12 2000 25.1984583333 503.969166667 529.167625 860.785934021
BB user2 13 2000 25.1984583333 478.770708333 503.969166667 863.222334773
BB user2 14 2000 25.1984583333 428.373791667 453.57225 840.460277191
BB user2 15 2000 25.1984583333 403.175333333 428.373791667 842.896677943
BB user2 16 2000 25.1984583333 377.976875 403.175333333 845.333078695
BB user2 17 2000 25.1984583333 327.579958333 352.778416667 822.571021113
BB user2 18 2000 25.1984583333 302.3815 327.579958333 825.007421865
BB user2 19 2000 25.1984583333 277.183041667 302.3815 827.443822617
BB user2 20 2000 25.1984583333 251.984583333 277.183041667 829.880223368
BB user2 21 2000 25.1984583333 226.786125 251.984583333 832.31662412
BB user2 22 2000 25.1984583333 201.587666667 226.786125 834.753024872
BB user2 23 2000 25.1984583333 176.389208333 201.587666667 837.189425624
BB user2 24 2000 25.1984583333 151.19075 176.389208333 839.625826375
BB user2 25 2000 25.1984583333 125.992291667 151.19075 842.062227127
BB user2 26 2000 25.1984583333 100.793833333 125.992291667 844.498627879
BB user2 27 2000 25.1984583333 75.595375 100.793833333 846.935028631
BB user2 28 2000 25.1984583333 50.3969166667 75.595375 849.371429382
BB user2 29 2000 25.1984583333 25.1984583333 50.3969166667 851.807830134
BB user2 30 2000 25.1984583333 0 25.1984583333 854.244230886
----------------------------------------------
CC user1 1 2500 239.8 20143.2 20383.0 21735.8929303
CC user1 2 2500 239.8 19903.4 20143.2 21563.8644856
CC user1 3 2500 239.8 19663.6 19903.4 21391.8360409
CC user1 4 2500 239.8 19423.8 19663.6 21219.8075961
CC user1 5 2500 239.8 19184.0 19423.8 21047.7791514
CC user1 6 2500 239.8 18944.2 19184.0 20875.7507067
CC user1 7 2500 239.8 18704.4 18944.2 20703.722262
CC user1 8 2500 239.8 18464.6 18704.4 20531.6938173
CC user1 9 2500 239.8 18224.8 18464.6 20359.6653726
CC user1 10 2500 239.8 17985.0 18224.8 20187.6369279
CC user1 11 2500 239.8 17745.2 17985.0 20015.6084831
CC user1 12 2500 239.8 17505.4 17745.2 19843.5800384
CC user1 13 2500 239.8 17265.6 17505.4 19671.5515937
CC user1 14 2500 239.8 17025.8 17265.6 19499.523149
CC user1 15 2500 239.8 16786.0 17025.8 19327.4947043
CC user1 16 2500 239.8 7913.4 8153.2 10472.2693429
CC user1 17 2500 239.8 6714.4 6954.2 9240.24706485
CC user1 18 2500 239.8 5755.2 5995.0 8273.22324513
CC user1 19 2500 239.8 4796.0 5035.8 7281.00096708
CC user1 20 2500 239.8 3597.0 3836.8 6074.17714737
CC user2 1 2000 239.8 8153.2 8393.0 9302.58090075
CC user2 2 2000 239.8 7673.6 7913.4 8825.4173015
CC user2 3 2000 239.8 7433.8 7673.6 8562.85524392
CC user2 4 2000 239.8 7194.0 7433.8 8325.49164467
CC user2 5 2000 239.8 6954.2 7194.0 8088.12804543
CC user2 6 2000 239.8 6474.6 6714.4 7610.96444618
CC user2 7 2000 239.8 6234.8 6474.6 7348.4023886
CC user2 8 2000 239.8 5995.0 6234.8 7111.03878935
CC user2 9 2000 239.8 5515.4 5755.2 6633.8751901
CC user2 10 2000 239.8 5275.6 5515.4 6371.31313252
CC user2 11 2000 239.8 5035.8 5275.6 6133.94953327
CC user2 12 2000 239.8 4556.2 4796.0 5656.78593402
CC user2 13 2000 239.8 4316.4 4556.2 5419.42233477
CC user2 14 2000 239.8 4076.6 4316.4 5156.86027719
CC user2 15 2000 239.8 3836.8 4076.6 4919.49667794
CC user2 16 2000 239.8 3357.2 3597.0 4442.33307869
CC user2 17 2000 239.8 3117.4 3357.2 4179.77102111
CC user2 18 2000 239.8 2877.6 3117.4 3942.40742186
CC user2 19 2000 239.8 2637.8 2877.6 3705.04382262
CC user2 20 2000 239.8 2398.0 2637.8 3467.68022337
CC user2 21 2000 239.8 2158.2 2398.0 3230.31662412
CC user2 22 2000 239.8 1918.4 2158.2 2992.95302487
CC user2 23 2000 239.8 1678.6 1918.4 2755.58942562
CC user2 24 2000 239.8 1438.8 1678.6 2518.22582638
CC user2 25 2000 239.8 1199.0 1438.8 2280.86222713
CC user2 26 2000 239.8 959.2 1199.0 2043.49862788
CC user2 27 2000 239.8 719.4 959.2 1806.13502863
CC user2 28 2000 239.8 479.6 719.4 1568.77142938
CC user2 29 2000 239.8 239.8 479.6 1331.40783013
CC user2 30 2000 239.8 0 239.8 1094.04423089
CC user3 1 2000 239.8 8393.0 8632.8 8632.8
CC user3 2 2000 239.8 8632.8 8872.6 8872.6
CC user3 3 2000 239.8 8872.6 9112.4 9112.4
CC user3 4 2000 239.8 9112.4 9352.2 9352.2
CC user3 5 2000 239.8 9352.2 9592.0 9592.0
CC user3 6 2000 239.8 9592.0 9831.8 9831.8
CC user3 7 2000 239.8 9831.8 10071.6 10071.6
CC user3 8 2000 239.8 10071.6 10311.4 10311.4
CC user3 9 2000 239.8 10311.4 10551.2 10551.2
CC user3 10 2000 239.8 10551.2 10791.0 10791.0
CC user3 11 2000 239.8 10791.0 11030.8 11030.8
CC user3 12 2000 239.8 11030.8 11270.6 11270.6
CC user3 13 2000 239.8 11270.6 11510.4 11510.4
CC user3 14 2000 239.8 11510.4 11750.2 11750.2
CC user3 15 2000 239.8 11750.2 11990.0 11990.0
CC user3 16 2000 239.8 11990.0 12229.8 12229.8
CC user3 17 2000 239.8 12229.8 12469.6 12469.6
CC user3 18 2000 239.8 12469.6 12709.4 12709.4
CC user3 19 2000 239.8 12709.4 12949.2 12949.2
CC user3 20 2000 239.8 12949.2 13189.0 13189.0
CC user3 21 2000 239.8 13189.0 13428.8 13428.8
CC user3 22 2000 239.8 13428.8 13668.6 13668.6
CC user3 23 2000 239.8 13668.6 13908.4 13908.4
CC user3 24 2000 239.8 13908.4 14148.2 14148.2
CC user3 25 2000 239.8 14148.2 14388.0 14388.0
CC user3 26 2000 239.8 14388.0 14627.8 14627.8
CC user3 27 2000 239.8 14627.8 14867.6 14867.6
CC user3 28 2000 239.8 14867.6 15107.4 15107.4
CC user3 29 2000 239.8 15107.4 15347.2 15347.2
CC user3 30 2000 239.8 15347.2 15587.0 15587.0
CC user3 31 2000 239.8 15587.0 15826.8 15826.8
CC user3 32 2000 239.8 15826.8 16066.6 16066.6
CC user3 33 2000 239.8 16066.6 16306.4 16306.4
CC user3 34 2000 239.8 16306.4 16546.2 16546.2
CC user3 35 2000 239.8 16546.2 16786.0 16786.0
----------------------------------------------
II user2 1 2000 335.166666667 21450.6666667 21785.8333333 31088.4142341
II user2 2 2000 335.166666667 21115.5 21450.6666667 30276.0839682
II user2 3 2000 335.166666667 20780.3333333 21115.5 29678.3552439
II user2 4 2000 335.166666667 20445.1666667 20780.3333333 29105.824978
II user2 5 2000 335.166666667 20110.0 20445.1666667 28533.2947121
II user2 6 2000 335.166666667 19774.8333333 20110.0 27720.9644462
II user2 7 2000 335.166666667 19439.6666667 19774.8333333 27123.2357219
II user2 8 2000 335.166666667 19104.5 19439.6666667 26550.705456
II user2 9 2000 335.166666667 18769.3333333 19104.5 25738.3751901
II user2 10 2000 335.166666667 18434.1666667 18769.3333333 25140.6464659
II user2 11 2000 335.166666667 18099.0 18434.1666667 24568.1161999
II user2 12 2000 335.166666667 17763.8333333 18099.0 23755.785934
II user2 13 2000 335.166666667 17428.6666667 17763.8333333 23183.2556681
II user2 14 2000 335.166666667 17093.5 17428.6666667 22585.5269439
II user2 15 2000 335.166666667 16758.3333333 17093.5 22012.9966779
II user2 16 2000 335.166666667 16423.1666667 16758.3333333 21200.666412
II user2 17 2000 335.166666667 16088.0 16423.1666667 20602.9376878
II user2 18 2000 335.166666667 15752.8333333 16088.0 20030.4074219
II user2 19 2000 335.166666667 15417.6666667 15752.8333333 19457.8771559
II user2 20 2000 335.166666667 15082.5 15417.6666667 18885.34689
II user2 21 2000 335.166666667 14747.3333333 15082.5 18312.8166241
II user2 22 2000 335.166666667 14412.1666667 14747.3333333 17740.2863582
II user2 23 2000 335.166666667 14077.0 14412.1666667 17167.7560923
II user2 24 2000 335.166666667 13741.8333333 14077.0 16595.2258264
II user2 25 2000 335.166666667 13406.6666667 13741.8333333 16022.6955605
II user2 26 2000 335.166666667 13071.5 13406.6666667 15450.1652945
II user2 27 2000 335.166666667 12736.3333333 13071.5 14877.6350286
II user2 28 2000 335.166666667 12401.1666667 12736.3333333 14305.1047627
II user2 29 2000 335.166666667 12066.0 12401.1666667 13732.5744968
II user2 30 2000 335.166666667 11730.8333333 12066.0 13160.0442309
II user3 1 2000 335.166666667 11395.6666667 11730.8333333 20363.6333333
II user3 2 2000 335.166666667 11060.5 11395.6666667 20268.2666667
II user3 3 2000 335.166666667 10725.3333333 11060.5 20172.9
II user3 4 2000 335.166666667 10390.1666667 10725.3333333 20077.5333333
II user3 5 2000 335.166666667 10055.0 10390.1666667 19982.1666667
II user3 6 2000 335.166666667 9719.83333333 10055.0 19886.8
II user3 7 2000 335.166666667 9384.66666667 9719.83333333 19791.4333333
II user3 8 2000 335.166666667 9049.5 9384.66666667 19696.0666667
II user3 9 2000 335.166666667 8714.33333333 9049.5 19600.7
II user3 10 2000 335.166666667 8379.16666667 8714.33333333 19505.3333333
II user3 11 2000 335.166666667 8044.0 8379.16666667 19409.9666667
II user3 12 2000 335.166666667 7708.83333333 8044.0 19314.6
II user3 13 2000 335.166666667 7373.66666667 7708.83333333 19219.2333333
II user3 14 2000 335.166666667 7038.5 7373.66666667 19123.8666667
II user3 15 2000 335.166666667 6703.33333333 7038.5 19028.5
II user3 16 2000 335.166666667 6368.16666667 6703.33333333 18933.1333333
II user3 17 2000 335.166666667 6033.0 6368.16666667 18837.7666667
II user3 18 2000 335.166666667 5697.83333333 6033.0 18742.4
II user3 19 2000 335.166666667 5362.66666667 5697.83333333 18647.0333333
II user3 20 2000 335.166666667 5027.5 5362.66666667 18551.6666667
II user3 21 2000 335.166666667 4692.33333333 5027.5 18456.3
II user3 22 2000 335.166666667 4357.16666667 4692.33333333 18360.9333333
II user3 23 2000 335.166666667 4022.0 4357.16666667 18265.5666667
II user3 24 2000 335.166666667 3686.83333333 4022.0 18170.2
II user3 25 2000 335.166666667 3351.66666667 3686.83333333 18074.8333333
II user3 26 2000 335.166666667 3016.5 3351.66666667 17979.4666667
II user3 27 2000 335.166666667 2681.33333333 3016.5 17884.1
II user3 28 2000 335.166666667 2346.16666667 2681.33333333 17788.7333333
II user3 29 2000 335.166666667 2011.0 2346.16666667 17693.3666667
II user3 30 2000 335.166666667 1675.83333333 2011.0 17598.0
II user3 31 2000 335.166666667 1340.66666667 1675.83333333 17502.6333333
II user3 32 2000 335.166666667 1005.5 1340.66666667 17407.2666667
II user3 33 2000 335.166666667 670.333333333 1005.5 17311.9
II user3 34 2000 335.166666667 335.166666667 670.333333333 17216.5333333
II user3 35 2000 335.166666667 0 335.166666667 17121.1666667
