----------------------------------------------
PP user1 1 2500 461.187958717 0 461.187958717 461.187958717
PP user1 2 2500 461.187958717 0 461.187958717 461.187958717
PP user1 3 2500 461.187958717 0 461.187958717 461.187958717
PP user1 4 2500 461.187958717 0 461.187958717 461.187958717
PP user1 5 2500 461.187958717 0 461.187958717 461.187958717
PP user1 6 2500 461.187958717 0 461.187958717 461.187958717
PP user1 7 2500 461.187958717 0 461.187958717 461.187958717
PP user1 8 2500 461.187958717 0 461.187958717 461.187958717
PP user1 9 2500 461.187958717 0 461.187958717 461.187958717
PP user1 10 2500 461.187958717 0 461.187958717 461.187958717
----------------------------------------------
DD user2 1 1800 59.8390102386 0 59.8390102386 59.8390102386
DD user2 2 1800 59.8390102386 0 59.8390102386 59.8390102386
DD user2 3 1800 59.8390102386 0 59.8390102386 59.8390102386
DD user2 4 1800 59.8390102386 0 59.8390102386 59.8390102386
DD user2 5 1800 59.8390102386 0 59.8390102386 59.8390102386
DD user2 6 1800 59.8390102386 0 59.8390102386 59.8390102386
DD user2 7 1800 59.8390102386 0 59.8390102386 59.8390102386
DD user2 8 1800 59.8390102386 0 59.8390102386 59.8390102386
DD user2 9 1800 59.8390102386 0 59.8390102386 59.8390102386
DD user2 10 1800 59.8390102386 0 59.8390102386 59.8390102386
DD user2 11 1800 59.8390102386 59.8390102386 119.678020477 119.678020477
DD user2 12 1800 59.8390102386 59.8390102386 119.678020477 119.678020477
DD user2 13 1800 59.8390102386 59.8390102386 119.678020477 119.678020477
DD user2 14 1800 59.8390102386 59.8390102386 119.678020477 119.678020477
DD user2 15 1800 59.8390102386 59.8390102386 119.678020477 119.678020477
DD user2 16 1800 59.8390102386 59.8390102386 119.678020477 119.678020477
DD user2 17 1800 59.8390102386 59.8390102386 119.678020477 119.678020477
DD user2 18 1800 59.8390102386 59.8390102386 119.678020477 119.678020477
DD user2 19 1800 59.8390102386 59.8390102386 119.678020477 119.678020477
DD user2 20 1800 59.8390102386 59.8390102386 119.678020477 119.678020477
DD user2 21 1800 59.8390102386 119.678020477 179.517030716 179.517030716
DD user2 22 1800 59.8390102386 119.678020477 179.517030716 179.517030716
DD user2 23 1800 59.8390102386 119.678020477 179.517030716 179.517030716
DD user2 24 1800 59.8390102386 119.678020477 179.517030716 179.517030716
DD user2 25 1800 59.8390102386 119.678020477 179.517030716 179.517030716
DD user2 26 1800 59.8390102386 119.678020477 179.517030716 179.517030716
DD user2 27 1800 59.8390102386 119.678020477 179.517030716 179.517030716
DD user2 28 1800 59.8390102386 119.678020477 179.517030716 179.517030716
DD user2 29 1800 59.8390102386 119.678020477 179.517030716 179.517030716
DD user2 30 1800 59.8390102386 119.678020477 179.517030716 179.517030716
----------------------------------------------
BB user1 1 2500 103.341541667 310.024625 413.366166667 874.554125384
BB user1 2 2500 103.341541667 310.024625 413.366166667 874.554125384
BB user1 3 2500 103.341541667 310.024625 413.366166667 874.554125384
BB user1 4 2500 103.341541667 310.024625 413.366166667 874.554125384
BB user1 5 2500 103.341541667 310.024625 413.366166667 874.554125384
BB user1 6 2500 103.341541667 310.024625 413.366166667 874.554125384
BB user1 7 2500 103.341541667 310.024625 413.366166667 874.554125384
BB user1 8 2500 103.341541667 310.024625 413.366166667 874.554125384
BB user1 9 2500 103.341541667 310.024625 413.366166667 874.554125384
BB user1 10 2500 103.341541667 310.024625 413.366166667 874.554125384
BB user2 1 1800 103.341541667 206.683083333 310.024625 369.863635239
BB user2 2 1800 103.341541667 206.683083333 310.024625 369.863635239
BB user2 3 1800 103.341541667 206.683083333 310.024625 369.863635239
BB user2 4 1800 103.341541667 206.683083333 310.024625 369.863635239
BB user2 5 1800 103.341541667 206.683083333 310.024625 369.863635239
BB user2 6 1800 103.341541667 206.683083333 310.024625 369.863635239
BB user2 7 1800 103.341541667 206.683083333 310.024625 369.863635239
BB user2 8 1800 103.341541667 206.683083333 310.024625 369.863635239
BB user2 9 1800 103.341541667 206.683083333 310.024625 369.863635239
BB user2 10 1800 103.341541667 206.683083333 310.024625 369.863635239
BB user2 11 1800 103.341541667 103.341541667 206.683083333 326.361103811
BB user2 12 1800 103.341541667 103.341541667 206.683083333 326.361103811
BB user2 13 1800 103.341541667 103.341541667 206.683083333 326.361103811
BB user2 14 1800 103.341541667 103.341541667 206.683083333 326.361103811
BB user2 15 1800 103.341541667 103.341541667 206.683083333 326.361103811
BB user2 16 1800 103.341541667 103.341541667 206.683083333 326.361103811
BB user2 17 1800 103.341541667 103.341541667 206.683083333 326.361103811
BB user2 18 1800 103.341541667 103.341541667 206.683083333 326.361103811
BB user2 19 1800 103.341541667 103.341541667 206.683083333 326.361103811
BB user2 20 1800 103.341541667 103.341541667 206.683083333 326.361103811
BB user2 21 1800 103.341541667 0 103.341541667 282.858572383
BB user2 22 1800 103.341541667 0 103.341541667 282.858572383
BB user2 23 1800 103.341541667 0 103.341541667 282.858572383
BB user2 24 1800 103.341541667 0 103.341541667 282.858572383
BB user2 25 1800 103.341541667 0 103.341541667 282.858572383
BB user2 26 1800 103.341541667 0 103.341541667 282.858572383
BB user2 27 1800 103.341541667 0 103.341541667 282.858572383
BB user2 28 1800 103.341541667 0 103.341541667 282.858572383
BB user2 29 1800 103.341541667 0 103.341541667 282.858572383
BB user2 30 1800 103.341541667 0 103.341541667 282.858572383
----------------------------------------------
CC user1 1 2500 338.2 1352.8 1691.0 2565.55412538
CC user1 2 2500 338.2 1352.8 1691.0 2565.55412538
CC user1 3 2500 338.2 1352.8 1691.0 2565.55412538
CC user1 4 2500 338.2 1352.8 1691.0 2565.55412538
CC user1 5 2500 338.2 1352.8 1691.0 2565.55412538
CC user1 6 2500 338.2 1352.8 1691.0 2565.55412538
CC user1 7 2500 338.2 1352.8 1691.0 2565.55412538
CC user1 8 2500 338.2 1352.8 1691.0 2565.55412538
CC user1 9 2500 338.2 1352.8 1691.0 2565.55412538
CC user1 10 2500 338.2 1352.8 1691.0 2565.55412538
CC user2 1 1800 338.2 338.2 676.4 1046.26363524
CC user2 2 1800 338.2 338.2 676.4 1046.26363524
CC user2 3 1800 338.2 338.2 676.4 1046.26363524
CC user2 4 1800 338.2 338.2 676.4 1046.26363524
CC user2 5 1800 338.2 338.2 676.4 1046.26363524
CC user2 6 1800 338.2 338.2 676.4 1046.26363524
CC user2 7 1800 338.2 338.2 676.4 1046.26363524
CC user2 8 1800 338.2 338.2 676.4 1046.26363524
CC user2 9 1800 338.2 338.2 676.4 1046.26363524
CC user2 10 1800 338.2 338.2 676.4 1046.26363524
CC user2 11 1800 338.2 676.4 1014.6 1340.96110381
CC user2 12 1800 338.2 676.4 1014.6 1340.96110381
CC user2 13 1800 338.2 676.4 1014.6 1340.96110381
CC user2 14 1800 338.2 676.4 1014.6 1340.96110381
CC user2 15 1800 338.2 676.4 1014.6 1340.96110381
CC user2 16 1800 338.2 676.4 1014.6 1340.96110381
CC user2 17 1800 338.2 676.4 1014.6 1340.96110381
CC user2 18 1800 338.2 676.4 1014.6 1340.96110381
CC user2 19 1800 338.2 676.4 1014.6 1340.96110381
CC user2 20 1800 338.2 676.4 1014.6 1340.96110381
CC user2 21 1800 338.2 1014.6 1352.8 1635.65857238
CC user2 22 1800 338.2 1014.6 1352.8 1635.65857238
CC user2 23 1800 338.2 1014.6 1352.8 1635.65857238
CC user2 24 1800 338.2 1014.6 1352.8 1635.65857238
CC user2 25 1800 338.2 1014.6 1352.8 1635.65857238
CC user2 26 1800 338.2 1014.6 1352.8 1635.65857238
CC user2 27 1800 338.2 1014.6 1352.8 1635.65857238
CC user2 28 1800 338.2 1014.6 1352.8 1635.65857238
CC user2 29 1800 338.2 1014.6 1352.8 1635.65857238
CC user2 30 1800 338.2 1014.6 1352.8 1635.65857238
CC user3 1 1300 338.2 0 338.2 338.2
CC user3 2 1300 338.2 0 338.2 338.2
CC user3 3 1300 338.2 0 338.2 338.2
CC user3 4 1300 338.2 0 338.2 338.2
CC user3 5 1300 338.2 0 338.2 338.2
CC user3 6 1300 338.2 0 338.2 338.2
CC user3 7 1300 338.2 0 338.2 338.2
CC user3 8 1300 338.2 0 338.2 338.2
CC user3 9 1300 338.2 0 338.2 338.2
CC user3 10 1300 338.2 0 338.2 338.2
----------------------------------------------
GG user2 1 1800 411.601066589 823.202133178 1234.80319977 2281.06683501
GG user2 2 1800 411.601066589 823.202133178 1234.80319977 2281.06683501
GG user2 3 1800 411.601066589 823.202133178 1234.80319977 2281.06683501
GG user2 4 1800 411.601066589 823.202133178 1234.80319977 2281.06683501
GG user2 5 1800 411.601066589 823.202133178 1234.80319977 2281.06683501
GG user2 6 1800 411.601066589 823.202133178 1234.80319977 2281.06683501
GG user2 7 1800 411.601066589 823.202133178 1234.80319977 2281.06683501
GG user2 8 1800 411.601066589 823.202133178 1234.80319977 2281.06683501
GG user2 9 1800 411.601066589 823.202133178 1234.80319977 2281.06683501
GG user2 10 1800 411.601066589 823.202133178 1234.80319977 2281.06683501
GG user2 11 1800 411.601066589 411.601066589 823.202133178 2164.16323699
GG user2 12 1800 411.601066589 411.601066589 823.202133178 2164.16323699
GG user2 13 1800 411.601066589 411.601066589 823.202133178 2164.16323699
GG user2 14 1800 411.601066589 411.601066589 823.202133178 2164.16323699
GG user2 15 1800 411.601066589 411.601066589 823.202133178 2164.16323699
GG user2 16 1800 411.601066589 411.601066589 823.202133178 2164.16323699
GG user2 17 1800 411.601066589 411.601066589 823.202133178 2164.16323699
GG user2 18 1800 411.601066589 411.601066589 823.202133178 2164.16323699
GG user2 19 1800 411.601066589 411.601066589 823.202133178 2164.16323699
GG user2 20 1800 411.601066589 411.601066589 823.202133178 2164.16323699
GG user2 21 1800 411.601066589 0 411.601066589 2047.25963897
GG user2 22 1800 411.601066589 0 411.601066589 2047.25963897
GG user2 23 1800 411.601066589 0 411.601066589 2047.25963897
GG user2 24 1800 411.601066589 0 411.601066589 2047.25963897
GG user2 25 1800 411.601066589 0 411.601066589 2047.25963897
GG user2 26 1800 411.601066589 0 411.601066589 2047.25963897
GG user2 27 1800 411.601066589 0 411.601066589 2047.25963897
GG user2 28 1800 411.601066589 0 411.601066589 2047.25963897
GG user2 29 1800 411.601066589 0 411.601066589 2047.25963897
GG user2 30 1800 411.601066589 0 411.601066589 2047.25963897
GG user3 1 1300 411.601066589 1234.80319977 1646.40426636 1984.60426636
GG user3 2 1300 411.601066589 1234.80319977 1646.40426636 1984.60426636
GG user3 3 1300 411.601066589 1234.80319977 1646.40426636 1984.60426636
GG user3 4 1300 411.601066589 1234.80319977 1646.40426636 1984.60426636
GG user3 5 1300 411.601066589 1234.80319977 1646.40426636 1984.60426636
GG user3 6 1300 411.601066589 1234.80319977 1646.40426636 1984.60426636
GG user3 7 1300 411.601066589 1234.80319977 1646.40426636 1984.60426636
GG user3 8 1300 411.601066589 1234.80319977 1646.40426636 1984.60426636
GG user3 9 1300 411.601066589 1234.80319977 1646.40426636 1984.60426636
GG user3 10 1300 411.601066589 1234.80319977 1646.40426636 1984.60426636
