----------------------------------------------
PP
----------------------------------------------
DD
----------------------------------------------
BB
----------------------------------------------
CC
----------------------------------------------
II
----------------------------------------------
PP user1 1 2500 461.187958717 0 461.187958717 461.187958717
PP user1 2 2500 461.187958717 0 461.187958717 461.187958717
PP user1 3 2500 461.187958717 0 461.187958717 461.187958717
PP user1 4 2500 461.187958717 0 461.187958717 461.187958717
PP user1 5 2500 461.187958717 0 461.187958717 461.187958717
PP user1 6 2500 461.187958717 0 461.187958717 461.187958717
PP user1 7 2500 461.187958717 0 461.187958717 461.187958717
PP user1 8 2500 461.187958717 0 461.187958717 461.187958717
PP user1 9 2500 461.187958717 0 461.187958717 461.187958717
PP user1 10 2500 461.187958717 0 461.187958717 461.187958717
PP user1 11 2500 461.187958717 461.187958717 922.375917434 922.375917434
PP user1 12 2500 461.187958717 461.187958717 922.375917434 922.375917434
PP user1 13 2500 461.187958717 461.187958717 922.375917434 922.375917434
PP user1 14 2500 461.187958717 461.187958717 922.375917434 922.375917434
PP user1 15 2500 461.187958717 461.187958717 922.375917434 922.375917434
PP user1 16 2500 461.187958717 461.187958717 922.375917434 922.375917434
PP user1 17 2500 461.187958717 461.187958717 922.375917434 922.375917434
PP user1 18 2500 461.187958717 461.187958717 922.375917434 922.375917434
PP user1 19 2500 461.187958717 461.187958717 922.375917434 922.375917434
PP user1 20 2500 461.187958717 461.187958717 922.375917434 922.375917434
----------------------------------------------
DD user2 1 2000 59.8390102386 0 59.8390102386 59.8390102386
DD user2 2 2000 59.8390102386 0 59.8390102386 59.8390102386
DD user2 3 2000 59.8390102386 0 59.8390102386 59.8390102386
DD user2 4 2000 59.8390102386 0 59.8390102386 59.8390102386
DD user2 5 2000 59.8390102386 0 59.8390102386 59.8390102386
DD user2 6 2000 59.8390102386 0 59.8390102386 59.8390102386
DD user2 7 2000 59.8390102386 0 59.8390102386 59.8390102386
DD user2 8 2000 59.8390102386 0 59.8390102386 59.8390102386
DD user2 9 2000 59.8390102386 0 59.8390102386 59.8390102386
DD user2 10 2000 59.8390102386 0 59.8390102386 59.8390102386
DD user2 11 2000 59.8390102386 59.8390102386 119.678020477 119.678020477
DD user2 12 2000 59.8390102386 59.8390102386 119.678020477 119.678020477
DD user2 13 2000 59.8390102386 59.8390102386 119.678020477 119.678020477
DD user2 14 2000 59.8390102386 59.8390102386 119.678020477 119.678020477
DD user2 15 2000 59.8390102386 59.8390102386 119.678020477 119.678020477
DD user2 16 2000 59.8390102386 59.8390102386 119.678020477 119.678020477
DD user2 17 2000 59.8390102386 59.8390102386 119.678020477 119.678020477
DD user2 18 2000 59.8390102386 59.8390102386 119.678020477 119.678020477
DD user2 19 2000 59.8390102386 59.8390102386 119.678020477 119.678020477
DD user2 20 2000 59.8390102386 59.8390102386 119.678020477 119.678020477
DD user2 21 2000 59.8390102386 119.678020477 179.517030716 179.517030716
DD user2 22 2000 59.8390102386 119.678020477 179.517030716 179.517030716
DD user2 23 2000 59.8390102386 119.678020477 179.517030716 179.517030716
DD user2 24 2000 59.8390102386 119.678020477 179.517030716 179.517030716
DD user2 25 2000 59.8390102386 119.678020477 179.517030716 179.517030716
DD user2 26 2000 59.8390102386 119.678020477 179.517030716 179.517030716
DD user2 27 2000 59.8390102386 119.678020477 179.517030716 179.517030716
DD user2 28 2000 59.8390102386 119.678020477 179.517030716 179.517030716
DD user2 29 2000 59.8390102386 119.678020477 179.517030716 179.517030716
DD user2 30 2000 59.8390102386 119.678020477 179.517030716 179.517030716
----------------------------------------------
BB user1 1 2500 103.341541667 413.366166667 516.707708333 977.89566705
BB user1 2 2500 103.341541667 413.366166667 516.707708333 977.89566705
BB user1 3 2500 103.341541667 413.366166667 516.707708333 977.89566705
BB user1 4 2500 103.341541667 413.366166667 516.707708333 977.89566705
BB user1 5 2500 103.341541667 413.366166667 516.707708333 977.89566705
BB user1 6 2500 103.341541667 413.366166667 516.707708333 977.89566705
BB user1 7 2500 103.341541667 413.366166667 516.707708333 977.89566705
BB user1 8 2500 103.341541667 413.366166667 516.707708333 977.89566705
BB user1 9 2500 103.341541667 413.366166667 516.707708333 977.89566705
BB user1 10 2500 103.341541667 413.366166667 516.707708333 977.89566705
BB user1 11 2500 103.341541667 0 103.341541667 1025.7174591
BB user1 12 2500 103.341541667 0 103.341541667 1025.7174591
BB user1 13 2500 103.341541667 0 103.341541667 1025.7174591
BB user1 14 2500 103.341541667 0 103.341541667 1025.7174591
BB user1 15 2500 103.341541667 0 103.341541667 1025.7174591
BB user1 16 2500 103.341541667 0 103.341541667 1025.7174591
BB user1 17 2500 103.341541667 0 103.341541667 1025.7174591
BB user1 18 2500 103.341541667 0 103.341541667 1025.7174591
BB user1 19 2500 103.341541667 0 103.341541667 1025.7174591
BB user1 20 2500 103.341541667 0 103.341541667 1025.7174591
BB user2 1 2000 103.341541667 310.024625 413.366166667 473.205176905
BB user2 2 2000 103.341541667 310.024625 413.366166667 473.205176905
BB user2 3 2000 103.341541667 310.024625 413.366166667 473.205176905
BB user2 4 2000 103.341541667 310.024625 413.366166667 473.205176905
BB user2 5 2000 103.341541667 310.024625 413.366166667 473.205176905
BB user2 6 2000 103.341541667 310.024625 413.366166667 473.205176905
BB user2 7 2000 103.341541667 310.024625 413.366166667 473.205176905
BB user2 8 2000 103.341541667 310.024625 413.366166667 473.205176905
BB user2 9 2000 103.341541667 310.024625 413.366166667 473.205176905
BB user2 10 2000 103.341541667 310.024625 413.366166667 473.205176905
BB user2 11 2000 103.341541667 206.683083333 310.024625 429.702645477
BB user2 12 2000 103.341541667 206.683083333 310.024625 429.702645477
BB user2 13 2000 103.341541667 206.683083333 310.024625 429.702645477
BB user2 14 2000 103.341541667 206.683083333 310.024625 429.702645477
BB user2 15 2000 103.341541667 206.683083333 310.024625 429.702645477
BB user2 16 2000 103.341541667 206.683083333 310.024625 429.702645477
BB user2 17 2000 103.341541667 206.683083333 310.024625 429.702645477
BB user2 18 2000 103.341541667 206.683083333 310.024625 429.702645477
BB user2 19 2000 103.341541667 206.683083333 310.024625 429.702645477
BB user2 20 2000 103.341541667 206.683083333 310.024625 429.702645477
BB user2 21 2000 103.341541667 103.341541667 206.683083333 386.200114049
BB user2 22 2000 103.341541667 103.341541667 206.683083333 386.200114049
BB user2 23 2000 103.341541667 103.341541667 206.683083333 386.200114049
BB user2 24 2000 103.341541667 103.341541667 206.683083333 386.200114049
BB user2 25 2000 103.341541667 103.341541667 206.683083333 386.200114049
BB user2 26 2000 103.341541667 103.341541667 206.683083333 386.200114049
BB user2 27 2000 103.341541667 103.341541667 206.683083333 386.200114049
BB user2 28 2000 103.341541667 103.341541667 206.683083333 386.200114049
BB user2 29 2000 103.341541667 103.341541667 206.683083333 386.200114049
BB user2 30 2000 103.341541667 103.341541667 206.683083333 386.200114049
----------------------------------------------
CC user1 1 2500 338.2 338.2 676.4 1654.29566705
CC user1 2 2500 338.2 338.2 676.4 1654.29566705
CC user1 3 2500 338.2 338.2 676.4 1654.29566705
CC user1 4 2500 338.2 338.2 676.4 1654.29566705
CC user1 5 2500 338.2 338.2 676.4 1654.29566705
CC user1 6 2500 338.2 338.2 676.4 1654.29566705
CC user1 7 2500 338.2 338.2 676.4 1654.29566705
CC user1 8 2500 338.2 338.2 676.4 1654.29566705
CC user1 9 2500 338.2 338.2 676.4 1654.29566705
CC user1 10 2500 338.2 338.2 676.4 1654.29566705
CC user1 11 2500 338.2 0 338.2 1363.9174591
CC user1 12 2500 338.2 0 338.2 1363.9174591
CC user1 13 2500 338.2 0 338.2 1363.9174591
CC user1 14 2500 338.2 0 338.2 1363.9174591
CC user1 15 2500 338.2 0 338.2 1363.9174591
CC user1 16 2500 338.2 0 338.2 1363.9174591
CC user1 17 2500 338.2 0 338.2 1363.9174591
CC user1 18 2500 338.2 0 338.2 1363.9174591
CC user1 19 2500 338.2 0 338.2 1363.9174591
CC user1 20 2500 338.2 0 338.2 1363.9174591
CC user2 1 2000 338.2 676.4 1014.6 1487.80517691
CC user2 2 2000 338.2 676.4 1014.6 1487.80517691
CC user2 3 2000 338.2 676.4 1014.6 1487.80517691
CC user2 4 2000 338.2 676.4 1014.6 1487.80517691
CC user2 5 2000 338.2 676.4 1014.6 1487.80517691
CC user2 6 2000 338.2 676.4 1014.6 1487.80517691
CC user2 7 2000 338.2 676.4 1014.6 1487.80517691
CC user2 8 2000 338.2 676.4 1014.6 1487.80517691
CC user2 9 2000 338.2 676.4 1014.6 1487.80517691
CC user2 10 2000 338.2 676.4 1014.6 1487.80517691
CC user2 11 2000 338.2 1014.6 1352.8 1782.50264548
CC user2 12 2000 338.2 1014.6 1352.8 1782.50264548
CC user2 13 2000 338.2 1014.6 1352.8 1782.50264548
CC user2 14 2000 338.2 1014.6 1352.8 1782.50264548
CC user2 15 2000 338.2 1014.6 1352.8 1782.50264548
CC user2 16 2000 338.2 1014.6 1352.8 1782.50264548
CC user2 17 2000 338.2 1014.6 1352.8 1782.50264548
CC user2 18 2000 338.2 1014.6 1352.8 1782.50264548
CC user2 19 2000 338.2 1014.6 1352.8 1782.50264548
CC user2 20 2000 338.2 1014.6 1352.8 1782.50264548
CC user2 21 2000 338.2 1352.8 1691.0 2077.20011405
CC user2 22 2000 338.2 1352.8 1691.0 2077.20011405
CC user2 23 2000 338.2 1352.8 1691.0 2077.20011405
CC user2 24 2000 338.2 1352.8 1691.0 2077.20011405
CC user2 25 2000 338.2 1352.8 1691.0 2077.20011405
CC user2 26 2000 338.2 1352.8 1691.0 2077.20011405
CC user2 27 2000 338.2 1352.8 1691.0 2077.20011405
CC user2 28 2000 338.2 1352.8 1691.0 2077.20011405
CC user2 29 2000 338.2 1352.8 1691.0 2077.20011405
CC user2 30 2000 338.2 1352.8 1691.0 2077.20011405
CC user3 1 2000 338.2 1691.0 2029.2 2029.2
CC user3 2 2000 338.2 1691.0 2029.2 2029.2
CC user3 3 2000 338.2 1691.0 2029.2 2029.2
CC user3 4 2000 338.2 1691.0 2029.2 2029.2
CC user3 5 2000 338.2 1691.0 2029.2 2029.2
CC user3 6 2000 338.2 1691.0 2029.2 2029.2
CC user3 7 2000 338.2 1691.0 2029.2 2029.2
CC user3 8 2000 338.2 1691.0 2029.2 2029.2
CC user3 9 2000 338.2 1691.0 2029.2 2029.2
CC user3 10 2000 338.2 1691.0 2029.2 2029.2
CC user3 11 2000 338.2 2029.2 2367.4 2367.4
CC user3 12 2000 338.2 2029.2 2367.4 2367.4
CC user3 13 2000 338.2 2029.2 2367.4 2367.4
CC user3 14 2000 338.2 2029.2 2367.4 2367.4
CC user3 15 2000 338.2 2029.2 2367.4 2367.4
CC user3 16 2000 338.2 2029.2 2367.4 2367.4
CC user3 17 2000 338.2 2029.2 2367.4 2367.4
CC user3 18 2000 338.2 2029.2 2367.4 2367.4
CC user3 19 2000 338.2 2029.2 2367.4 2367.4
CC user3 20 2000 338.2 2029.2 2367.4 2367.4
CC user3 21 2000 338.2 2367.4 2705.6 2705.6
CC user3 22 2000 338.2 2367.4 2705.6 2705.6
CC user3 23 2000 338.2 2367.4 2705.6 2705.6
CC user3 24 2000 338.2 2367.4 2705.6 2705.6
CC user3 25 2000 338.2 2367.4 2705.6 2705.6
CC user3 26 2000 338.2 2367.4 2705.6 2705.6
CC user3 27 2000 338.2 2367.4 2705.6 2705.6
CC user3 28 2000 338.2 2367.4 2705.6 2705.6
CC user3 29 2000 338.2 2367.4 2705.6 2705.6
CC user3 30 2000 338.2 2367.4 2705.6 2705.6
CC user3 31 2000 338.0 2705.6 3043.6 3043.6
CC user3 32 2000 338.0 2705.6 3043.6 3043.6
CC user3 33 2000 338.0 2705.6 3043.6 3043.6
CC user3 34 2000 338.0 2705.6 3043.6 3043.6
CC user3 35 2000 338.0 2705.6 3043.6 3043.6
----------------------------------------------
II user2 1 2000 530.833333333 2654.16666667 3185.0 4672.80517691
II user2 2 2000 530.833333333 2654.16666667 3185.0 4672.80517691
II user2 3 2000 530.833333333 2654.16666667 3185.0 4672.80517691
II user2 4 2000 530.833333333 2654.16666667 3185.0 4672.80517691
II user2 5 2000 530.833333333 2654.16666667 3185.0 4672.80517691
II user2 6 2000 468.333333333 3185.0 3653.33333333 5141.13851024
II user2 7 2000 468.333333333 3185.0 3653.33333333 5141.13851024
II user2 8 2000 468.333333333 3185.0 3653.33333333 5141.13851024
II user2 9 2000 468.333333333 3185.0 3653.33333333 5141.13851024
II user2 10 2000 468.333333333 3185.0 3653.33333333 5141.13851024
II user2 11 2000 530.833333333 2123.33333333 2654.16666667 4436.66931214
II user2 12 2000 530.833333333 2123.33333333 2654.16666667 4436.66931214
II user2 13 2000 530.833333333 2123.33333333 2654.16666667 4436.66931214
II user2 14 2000 530.833333333 2123.33333333 2654.16666667 4436.66931214
II user2 15 2000 530.833333333 2123.33333333 2654.16666667 4436.66931214
II user2 16 2000 530.833333333 2654.16666667 3185.0 4967.50264548
II user2 17 2000 530.833333333 2654.16666667 3185.0 4967.50264548
II user2 18 2000 530.833333333 2654.16666667 3185.0 4967.50264548
II user2 19 2000 530.833333333 2654.16666667 3185.0 4967.50264548
II user2 20 2000 530.833333333 2654.16666667 3185.0 4967.50264548
II user2 21 2000 530.833333333 1061.66666667 1592.5 3669.70011405
II user2 22 2000 530.833333333 1061.66666667 1592.5 3669.70011405
II user2 23 2000 530.833333333 1061.66666667 1592.5 3669.70011405
II user2 24 2000 530.833333333 1061.66666667 1592.5 3669.70011405
II user2 25 2000 530.833333333 1061.66666667 1592.5 3669.70011405
II user2 26 2000 530.833333333 1592.5 2123.33333333 4200.53344738
II user2 27 2000 530.833333333 1592.5 2123.33333333 4200.53344738
II user2 28 2000 530.833333333 1592.5 2123.33333333 4200.53344738
II user2 29 2000 530.833333333 1592.5 2123.33333333 4200.53344738
II user2 30 2000 530.833333333 1592.5 2123.33333333 4200.53344738
II user3 1 2000 530.833333333 1592.5 2123.33333333 4152.53333333
II user3 2 2000 530.833333333 1592.5 2123.33333333 4152.53333333
II user3 3 2000 530.833333333 1592.5 2123.33333333 4152.53333333
II user3 4 2000 530.833333333 1592.5 2123.33333333 4152.53333333
II user3 5 2000 530.833333333 1592.5 2123.33333333 4152.53333333
II user3 6 2000 530.833333333 2123.33333333 2654.16666667 4683.36666667
II user3 7 2000 530.833333333 2123.33333333 2654.16666667 4683.36666667
II user3 8 2000 530.833333333 2123.33333333 2654.16666667 4683.36666667
II user3 9 2000 530.833333333 2123.33333333 2654.16666667 4683.36666667
II user3 10 2000 530.833333333 2123.33333333 2654.16666667 4683.36666667
II user3 11 2000 530.833333333 530.833333333 1061.66666667 3429.06666667
II user3 12 2000 530.833333333 530.833333333 1061.66666667 3429.06666667
II user3 13 2000 530.833333333 530.833333333 1061.66666667 3429.06666667
II user3 14 2000 530.833333333 530.833333333 1061.66666667 3429.06666667
II user3 15 2000 530.833333333 530.833333333 1061.66666667 3429.06666667
II user3 16 2000 530.833333333 1061.66666667 1592.5 3959.9
II user3 17 2000 530.833333333 1061.66666667 1592.5 3959.9
II user3 18 2000 530.833333333 1061.66666667 1592.5 3959.9
II user3 19 2000 530.833333333 1061.66666667 1592.5 3959.9
II user3 20 2000 530.833333333 1061.66666667 1592.5 3959.9
II user3 21 2000 530.833333333 0 530.833333333 3236.43333333
II user3 22 2000 530.833333333 0 530.833333333 3236.43333333
II user3 23 2000 530.833333333 0 530.833333333 3236.43333333
II user3 24 2000 530.833333333 0 530.833333333 3236.43333333
II user3 25 2000 530.833333333 0 530.833333333 3236.43333333
II user3 26 2000 530.833333333 530.833333333 1061.66666667 3767.26666667
II user3 27 2000 530.833333333 530.833333333 1061.66666667 3767.26666667
II user3 28 2000 530.833333333 530.833333333 1061.66666667 3767.26666667
II user3 29 2000 530.833333333 530.833333333 1061.66666667 3767.26666667
II user3 30 2000 530.833333333 530.833333333 1061.66666667 3767.26666667
II user3 31 2000 530.833333333 0 530.833333333 3574.43333333
II user3 32 2000 530.833333333 0 530.833333333 3574.43333333
II user3 33 2000 530.833333333 0 530.833333333 3574.43333333
II user3 34 2000 530.833333333 0 530.833333333 3574.43333333
II user3 35 2000 530.833333333 0 530.833333333 3574.43333333
