----------------------------------------------
PP
----------------------------------------------
DD
----------------------------------------------
BB
----------------------------------------------
CC
----------------------------------------------
II
----------------------------------------------
PP user1 1 2500 898.988962173 0 898.988962173 898.988962173
PP user1 2 2500 898.988962173 0 898.988962173 898.988962173
PP user1 3 2500 898.988962173 0 898.988962173 898.988962173
PP user1 4 2500 898.988962173 0 898.988962173 898.988962173
PP user1 5 2500 898.988962173 0 898.988962173 898.988962173
PP user1 6 2500 898.988962173 0 898.988962173 898.988962173
PP user1 7 2500 898.988962173 0 898.988962173 898.988962173
PP user1 8 2500 898.988962173 0 898.988962173 898.988962173
PP user1 9 2500 898.988962173 0 898.988962173 898.988962173
PP user1 10 2500 898.988962173 0 898.988962173 898.988962173
PP user1 11 2500 898.988962173 0 898.988962173 898.988962173
PP user1 12 2500 898.988962173 0 898.988962173 898.988962173
PP user1 13 2500 898.988962173 0 898.988962173 898.988962173
PP user1 14 2500 898.988962173 0 898.988962173 898.988962173
PP user1 15 2500 898.988962173 0 898.988962173 898.988962173
PP user1 16 2500 898.988962173 0 898.988962173 898.988962173
PP user1 17 2500 898.988962173 0 898.988962173 898.988962173
PP user1 18 2500 898.988962173 0 898.988962173 898.988962173
PP user1 19 2500 898.988962173 0 898.988962173 898.988962173
PP user1 20 2500 898.988962173 0 898.988962173 898.988962173
----------------------------------------------
DD user2 1 2000 150.046467781 0 150.046467781 150.046467781
DD user2 2 2000 150.046467781 0 150.046467781 150.046467781
DD user2 3 2000 150.046467781 0 150.046467781 150.046467781
DD user2 4 2000 150.046467781 0 150.046467781 150.046467781
DD user2 5 2000 150.046467781 0 150.046467781 150.046467781
DD user2 6 2000 150.046467781 0 150.046467781 150.046467781
DD user2 7 2000 150.046467781 0 150.046467781 150.046467781
DD user2 8 2000 150.046467781 0 150.046467781 150.046467781
DD user2 9 2000 150.046467781 0 150.046467781 150.046467781
DD user2 10 2000 150.046467781 0 150.046467781 150.046467781
DD user2 11 2000 150.046467781 0 150.046467781 150.046467781
DD user2 12 2000 150.046467781 0 150.046467781 150.046467781
DD user2 13 2000 150.046467781 0 150.046467781 150.046467781
DD user2 14 2000 150.046467781 0 150.046467781 150.046467781
DD user2 15 2000 150.046467781 0 150.046467781 150.046467781
DD user2 16 2000 150.046467781 0 150.046467781 150.046467781
DD user2 17 2000 150.046467781 0 150.046467781 150.046467781
DD user2 18 2000 150.046467781 0 150.046467781 150.046467781
DD user2 19 2000 150.046467781 0 150.046467781 150.046467781
DD user2 20 2000 150.046467781 0 150.046467781 150.046467781
DD user2 21 2000 150.046467781 0 150.046467781 150.046467781
DD user2 22 2000 150.046467781 0 150.046467781 150.046467781
DD user2 23 2000 150.046467781 0 150.046467781 150.046467781
DD user2 24 2000 150.046467781 0 150.046467781 150.046467781
DD user2 25 2000 150.046467781 0 150.046467781 150.046467781
DD user2 26 2000 150.046467781 0 150.046467781 150.046467781
DD user2 27 2000 150.046467781 0 150.046467781 150.046467781
DD user2 28 2000 150.046467781 0 150.046467781 150.046467781
DD user2 29 2000 150.046467781 0 150.046467781 150.046467781
DD user2 30 2000 150.046467781 0 150.046467781 150.046467781
----------------------------------------------
BB user1 1 2500 224.235416667 0 224.235416667 1123.22437884
BB user1 2 2500 224.235416667 0 224.235416667 1123.22437884
BB user1 3 2500 224.235416667 0 224.235416667 1123.22437884
BB user1 4 2500 224.235416667 0 224.235416667 1123.22437884
BB user1 5 2500 224.235416667 0 224.235416667 1123.22437884
BB user1 6 2500 224.235416667 0 224.235416667 1123.22437884
BB user1 7 2500 224.235416667 0 224.235416667 1123.22437884
BB user1 8 2500 224.235416667 0 224.235416667 1123.22437884
BB user1 9 2500 224.235416667 0 224.235416667 1123.22437884
BB user1 10 2500 224.235416667 0 224.235416667 1123.22437884
BB user1 11 2500 224.235416667 0 224.235416667 1123.22437884
BB user1 12 2500 224.235416667 0 224.235416667 1123.22437884
BB user1 13 2500 224.235416667 0 224.235416667 1123.22437884
BB user1 14 2500 224.235416667 0 224.235416667 1123.22437884
BB user1 15 2500 224.235416667 0 224.235416667 1123.22437884
BB user1 16 2500 224.235416667 0 224.235416667 1123.22437884
BB user1 17 2500 224.235416667 0 224.235416667 1123.22437884
BB user1 18 2500 224.235416667 0 224.235416667 1123.22437884
BB user1 19 2500 224.235416667 0 224.235416667 1123.22437884
BB user1 20 2500 224.235416667 0 224.235416667 1123.22437884
BB user2 1 2000 224.235416667 0 224.235416667 374.281884448
BB user2 2 2000 224.235416667 0 224.235416667 374.281884448
BB user2 3 2000 224.235416667 0 224.235416667 374.281884448
BB user2 4 2000 224.235416667 0 224.235416667 374.281884448
BB user2 5 2000 224.235416667 0 224.235416667 374.281884448
BB user2 6 2000 224.235416667 0 224.235416667 374.281884448
BB user2 7 2000 224.235416667 0 224.235416667 374.281884448
BB user2 8 2000 224.235416667 0 224.235416667 374.281884448
BB user2 9 2000 224.235416667 0 224.235416667 374.281884448
BB user2 10 2000 224.235416667 0 224.235416667 374.281884448
BB user2 11 2000 166.367020833 224.235416667 390.6024375 540.648905281
BB user2 12 2000 166.367020833 224.235416667 390.6024375 540.648905281
BB user2 13 2000 166.367020833 224.235416667 390.6024375 540.648905281
BB user2 14 2000 166.367020833 224.235416667 390.6024375 540.648905281
BB user2 15 2000 166.367020833 224.235416667 390.6024375 540.648905281
BB user2 16 2000 166.367020833 224.235416667 390.6024375 540.648905281
BB user2 17 2000 166.367020833 224.235416667 390.6024375 540.648905281
BB user2 18 2000 166.367020833 224.235416667 390.6024375 540.648905281
BB user2 19 2000 166.367020833 224.235416667 390.6024375 540.648905281
BB user2 20 2000 166.367020833 224.235416667 390.6024375 540.648905281
BB user2 21 2000 166.367020833 224.235416667 390.6024375 540.648905281
BB user2 22 2000 166.367020833 224.235416667 390.6024375 540.648905281
BB user2 23 2000 166.367020833 224.235416667 390.6024375 540.648905281
BB user2 24 2000 166.367020833 224.235416667 390.6024375 540.648905281
BB user2 25 2000 166.367020833 224.235416667 390.6024375 540.648905281
BB user2 26 2000 166.367020833 224.235416667 390.6024375 540.648905281
BB user2 27 2000 166.367020833 224.235416667 390.6024375 540.648905281
BB user2 28 2000 166.367020833 224.235416667 390.6024375 540.648905281
BB user2 29 2000 166.367020833 224.235416667 390.6024375 540.648905281
BB user2 30 2000 166.367020833 224.235416667 390.6024375 540.648905281
----------------------------------------------
CC user1 1 2500 472.8 0 472.8 1596.02437884
CC user1 2 2500 472.8 0 472.8 1596.02437884
CC user1 3 2500 472.8 0 472.8 1596.02437884
CC user1 4 2500 472.8 0 472.8 1596.02437884
CC user1 5 2500 472.8 0 472.8 1596.02437884
CC user1 6 2500 472.8 0 472.8 1596.02437884
CC user1 7 2500 472.8 0 472.8 1596.02437884
CC user1 8 2500 472.8 0 472.8 1596.02437884
CC user1 9 2500 472.8 0 472.8 1596.02437884
CC user1 10 2500 472.8 0 472.8 1596.02437884
CC user1 11 2500 472.8 0 472.8 1596.02437884
CC user1 12 2500 472.8 0 472.8 1596.02437884
CC user1 13 2500 472.8 0 472.8 1596.02437884
CC user1 14 2500 472.8 0 472.8 1596.02437884
CC user1 15 2500 472.8 0 472.8 1596.02437884
CC user1 16 2500 472.8 0 472.8 1596.02437884
CC user1 17 2500 472.8 0 472.8 1596.02437884
CC user1 18 2500 472.8 0 472.8 1596.02437884
CC user1 19 2500 472.8 0 472.8 1596.02437884
CC user1 20 2500 472.8 0 472.8 1596.02437884
CC user2 1 2000 472.8 472.8 945.6 1319.88188445
CC user2 2 2000 472.8 472.8 945.6 1319.88188445
CC user2 3 2000 472.8 472.8 945.6 1319.88188445
CC user2 4 2000 472.8 472.8 945.6 1319.88188445
CC user2 5 2000 472.8 472.8 945.6 1319.88188445
CC user2 6 2000 472.8 472.8 945.6 1319.88188445
CC user2 7 2000 472.8 472.8 945.6 1319.88188445
CC user2 8 2000 472.8 472.8 945.6 1319.88188445
CC user2 9 2000 472.8 472.8 945.6 1319.88188445
CC user2 10 2000 472.8 472.8 945.6 1319.88188445
CC user2 11 2000 472.8 0 472.8 1013.44890528
CC user2 12 2000 472.8 0 472.8 1013.44890528
CC user2 13 2000 472.8 0 472.8 1013.44890528
CC user2 14 2000 472.8 0 472.8 1013.44890528
CC user2 15 2000 472.8 0 472.8 1013.44890528
CC user2 16 2000 472.8 0 472.8 1013.44890528
CC user2 17 2000 472.8 0 472.8 1013.44890528
CC user2 18 2000 472.8 0 472.8 1013.44890528
CC user2 19 2000 472.8 0 472.8 1013.44890528
CC user2 20 2000 472.8 0 472.8 1013.44890528
CC user2 21 2000 472.8 472.8 945.6 1486.24890528
CC user2 22 2000 472.8 472.8 945.6 1486.24890528
CC user2 23 2000 472.8 472.8 945.6 1486.24890528
CC user2 24 2000 472.8 472.8 945.6 1486.24890528
CC user2 25 2000 472.8 472.8 945.6 1486.24890528
CC user2 26 2000 472.8 472.8 945.6 1486.24890528
CC user2 27 2000 472.8 472.8 945.6 1486.24890528
CC user2 28 2000 472.8 472.8 945.6 1486.24890528
CC user2 29 2000 472.8 472.8 945.6 1486.24890528
CC user2 30 2000 472.8 472.8 945.6 1486.24890528
CC user3 1 2000 472.8 472.8 945.6 945.6
CC user3 2 2000 472.8 472.8 945.6 945.6
CC user3 3 2000 472.8 472.8 945.6 945.6
CC user3 4 2000 472.8 472.8 945.6 945.6
CC user3 5 2000 472.8 472.8 945.6 945.6
CC user3 6 2000 472.8 472.8 945.6 945.6
CC user3 7 2000 472.8 472.8 945.6 945.6
CC user3 8 2000 472.8 472.8 945.6 945.6
CC user3 9 2000 472.8 472.8 945.6 945.6
CC user3 10 2000 472.8 472.8 945.6 945.6
CC user3 11 2000 421.6 945.6 1367.2 1367.2
CC user3 12 2000 421.6 945.6 1367.2 1367.2
CC user3 13 2000 421.6 945.6 1367.2 1367.2
CC user3 14 2000 421.6 945.6 1367.2 1367.2
CC user3 15 2000 421.6 945.6 1367.2 1367.2
CC user3 16 2000 421.6 945.6 1367.2 1367.2
CC user3 17 2000 421.6 945.6 1367.2 1367.2
CC user3 18 2000 421.6 945.6 1367.2 1367.2
CC user3 19 2000 421.6 945.6 1367.2 1367.2
CC user3 20 2000 421.6 945.6 1367.2 1367.2
CC user3 21 2000 421.6 945.6 1367.2 1367.2
CC user3 22 2000 421.6 945.6 1367.2 1367.2
CC user3 23 2000 421.6 945.6 1367.2 1367.2
CC user3 24 2000 421.6 945.6 1367.2 1367.2
CC user3 25 2000 421.6 945.6 1367.2 1367.2
CC user3 26 2000 421.6 945.6 1367.2 1367.2
CC user3 27 2000 421.6 945.6 1367.2 1367.2
CC user3 28 2000 421.6 945.6 1367.2 1367.2
CC user3 29 2000 421.6 945.6 1367.2 1367.2
CC user3 30 2000 421.6 945.6 1367.2 1367.2
CC user3 31 2000 421.6 945.6 1367.2 1367.2
CC user3 32 2000 421.6 945.6 1367.2 1367.2
CC user3 33 2000 421.6 945.6 1367.2 1367.2
CC user3 34 2000 421.6 945.6 1367.2 1367.2
CC user3 35 2000 421.6 945.6 1367.2 1367.2
----------------------------------------------
II user2 1 2000 695.833333333 695.833333333 1391.66666667 2711.54855111
II user2 2 2000 695.833333333 695.833333333 1391.66666667 2711.54855111
II user2 3 2000 695.833333333 695.833333333 1391.66666667 2711.54855111
II user2 4 2000 695.833333333 695.833333333 1391.66666667 2711.54855111
II user2 5 2000 695.833333333 695.833333333 1391.66666667 2711.54855111
II user2 6 2000 695.833333333 695.833333333 1391.66666667 2711.54855111
II user2 7 2000 695.833333333 695.833333333 1391.66666667 2711.54855111
II user2 8 2000 695.833333333 695.833333333 1391.66666667 2711.54855111
II user2 9 2000 695.833333333 695.833333333 1391.66666667 2711.54855111
II user2 10 2000 695.833333333 695.833333333 1391.66666667 2711.54855111
II user2 11 2000 695.833333333 695.833333333 1391.66666667 2405.11557195
II user2 12 2000 695.833333333 695.833333333 1391.66666667 2405.11557195
II user2 13 2000 695.833333333 695.833333333 1391.66666667 2405.11557195
II user2 14 2000 695.833333333 695.833333333 1391.66666667 2405.11557195
II user2 15 2000 695.833333333 695.833333333 1391.66666667 2405.11557195
II user2 16 2000 695.833333333 695.833333333 1391.66666667 2405.11557195
II user2 17 2000 695.833333333 695.833333333 1391.66666667 2405.11557195
II user2 18 2000 695.833333333 695.833333333 1391.66666667 2405.11557195
II user2 19 2000 695.833333333 695.833333333 1391.66666667 2405.11557195
II user2 20 2000 695.833333333 695.833333333 1391.66666667 2405.11557195
II user2 21 2000 695.833333333 0 695.833333333 2182.08223861
II user2 22 2000 695.833333333 0 695.833333333 2182.08223861
II user2 23 2000 695.833333333 0 695.833333333 2182.08223861
II user2 24 2000 695.833333333 0 695.833333333 2182.08223861
II user2 25 2000 695.833333333 0 695.833333333 2182.08223861
II user2 26 2000 695.833333333 0 695.833333333 2182.08223861
II user2 27 2000 695.833333333 0 695.833333333 2182.08223861
II user2 28 2000 695.833333333 0 695.833333333 2182.08223861
II user2 29 2000 695.833333333 0 695.833333333 2182.08223861
II user2 30 2000 695.833333333 0 695.833333333 2182.08223861
II user3 1 2000 695.833333333 695.833333333 1391.66666667 2337.26666667
II user3 2 2000 695.833333333 695.833333333 1391.66666667 2337.26666667
II user3 3 2000 695.833333333 695.833333333 1391.66666667 2337.26666667
II user3 4 2000 695.833333333 695.833333333 1391.66666667 2337.26666667
II user3 5 2000 695.833333333 695.833333333 1391.66666667 2337.26666667
II user3 6 2000 468.333333333 1391.66666667 1860.0 2805.6
II user3 7 2000 468.333333333 1391.66666667 1860.0 2805.6
II user3 8 2000 468.333333333 1391.66666667 1860.0 2805.6
II user3 9 2000 468.333333333 1391.66666667 1860.0 2805.6
II user3 10 2000 468.333333333 1391.66666667 1860.0 2805.6
II user3 11 2000 695.833333333 0 695.833333333 2063.03333333
II user3 12 2000 695.833333333 0 695.833333333 2063.03333333
II user3 13 2000 695.833333333 0 695.833333333 2063.03333333
II user3 14 2000 695.833333333 0 695.833333333 2063.03333333
II user3 15 2000 695.833333333 0 695.833333333 2063.03333333
II user3 16 2000 695.833333333 0 695.833333333 2063.03333333
II user3 17 2000 695.833333333 0 695.833333333 2063.03333333
II user3 18 2000 695.833333333 0 695.833333333 2063.03333333
II user3 19 2000 695.833333333 0 695.833333333 2063.03333333
II user3 20 2000 695.833333333 0 695.833333333 2063.03333333
II user3 21 2000 695.833333333 0 695.833333333 2063.03333333
II user3 22 2000 695.833333333 0 695.833333333 2063.03333333
II user3 23 2000 695.833333333 0 695.833333333 2063.03333333
II user3 24 2000 695.833333333 0 695.833333333 2063.03333333
II user3 25 2000 695.833333333 0 695.833333333 2063.03333333
II user3 26 2000 695.833333333 0 695.833333333 2063.03333333
II user3 27 2000 695.833333333 0 695.833333333 2063.03333333
II user3 28 2000 695.833333333 0 695.833333333 2063.03333333
II user3 29 2000 695.833333333 0 695.833333333 2063.03333333
II user3 30 2000 695.833333333 0 695.833333333 2063.03333333
II user3 31 2000 695.833333333 695.833333333 1391.66666667 2758.86666667
II user3 32 2000 695.833333333 695.833333333 1391.66666667 2758.86666667
II user3 33 2000 695.833333333 695.833333333 1391.66666667 2758.86666667
II user3 34 2000 695.833333333 695.833333333 1391.66666667 2758.86666667
II user3 35 2000 695.833333333 695.833333333 1391.66666667 2758.86666667
