----------------------------------------------
PP
----------------------------------------------
DD
----------------------------------------------
BB
----------------------------------------------
CC
----------------------------------------------
II
----------------------------------------------
PP user1 1 2500 898.988962173 0 898.988962173 898.988962173
PP user1 2 2500 898.988962173 0 898.988962173 898.988962173
PP user1 3 2500 898.988962173 0 898.988962173 898.988962173
PP user1 4 2500 898.988962173 0 898.988962173 898.988962173
PP user1 5 2500 898.988962173 0 898.988962173 898.988962173
PP user1 6 2500 898.988962173 0 898.988962173 898.988962173
PP user1 7 2500 898.988962173 0 898.988962173 898.988962173
PP user1 8 2500 898.988962173 0 898.988962173 898.988962173
PP user1 9 2500 898.988962173 0 898.988962173 898.988962173
PP user1 10 2500 898.988962173 0 898.988962173 898.988962173
PP user1 11 2500 898.988962173 0 898.988962173 898.988962173
PP user1 12 2500 898.988962173 0 898.988962173 898.988962173
PP user1 13 2500 898.988962173 0 898.988962173 898.988962173
PP user1 14 2500 898.988962173 0 898.988962173 898.988962173
PP user1 15 2500 898.988962173 0 898.988962173 898.988962173
PP user1 16 2500 898.988962173 0 898.988962173 898.988962173
PP user1 17 2500 898.988962173 0 898.988962173 898.988962173
PP user1 18 2500 898.988962173 0 898.988962173 898.988962173
PP user1 19 2500 898.988962173 0 898.988962173 898.988962173
PP user1 20 2500 898.988962173 0 898.988962173 898.988962173
----------------------------------------------
DD user2 1 2000 150.046467781 0 150.046467781 150.046467781
DD user2 2 2000 150.046467781 0 150.046467781 150.046467781
DD user2 3 2000 150.046467781 0 150.046467781 150.046467781
DD user2 4 2000 150.046467781 0 150.046467781 150.046467781
DD user2 5 2000 150.046467781 0 150.046467781 150.046467781
DD user2 6 2000 150.046467781 0 150.046467781 150.046467781
DD user2 7 2000 150.046467781 0 150.046467781 150.046467781
DD user2 8 2000 150.046467781 0 150.046467781 150.046467781
DD user2 9 2000 150.046467781 0 150.046467781 150.046467781
DD user2 10 2000 150.046467781 0 150.046467781 150.046467781
DD user2 11 2000 150.046467781 0 150.046467781 150.046467781
DD user2 12 2000 150.046467781 0 150.046467781 150.046467781
DD user2 13 2000 150.046467781 0 150.046467781 150.046467781
DD user2 14 2000 150.046467781 0 150.046467781 150.046467781
DD user2 15 2000 150.046467781 0 150.046467781 150.046467781
DD user2 16 2000 150.046467781 0 150.046467781 150.046467781
DD user2 17 2000 150.046467781 0 150.046467781 150.046467781
DD user2 18 2000 150.046467781 0 150.046467781 150.046467781
DD user2 19 2000 150.046467781 0 150.046467781 150.046467781
DD user2 20 2000 150.046467781 0 150.046467781 150.046467781
DD user2 21 2000 150.046467781 0 150.046467781 150.046467781
DD user2 22 2000 150.046467781 0 150.046467781 150.046467781
DD user2 23 2000 150.046467781 0 150.046467781 150.046467781
DD user2 24 2000 150.046467781 0 150.046467781 150.046467781
DD user2 25 2000 150.046467781 0 150.046467781 150.046467781
DD user2 26 2000 150.046467781 0 150.046467781 150.046467781
DD user2 27 2000 150.046467781 0 150.046467781 150.046467781
DD user2 28 2000 150.046467781 0 150.046467781 150.046467781
DD user2 29 2000 150.046467781 0 150.046467781 150.046467781
DD user2 30 2000 150.046467781 0 150.046467781 150.046467781
----------------------------------------------
BB user1 1 2500 382.361520833 0 382.361520833 1281.35048301
BB user1 2 2500 382.361520833 0 382.361520833 1281.35048301
BB user1 3 2500 382.361520833 0 382.361520833 1281.35048301
BB user1 4 2500 382.361520833 0 382.361520833 1281.35048301
BB user1 5 2500 382.361520833 0 382.361520833 1281.35048301
BB user1 6 2500 382.361520833 0 382.361520833 1281.35048301
BB user1 7 2500 382.361520833 0 382.361520833 1281.35048301
BB user1 8 2500 382.361520833 0 382.361520833 1281.35048301
BB user1 9 2500 382.361520833 0 382.361520833 1281.35048301
BB user1 10 2500 382.361520833 0 382.361520833 1281.35048301
BB user1 11 2500 382.361520833 0 382.361520833 1281.35048301
BB user1 12 2500 382.361520833 0 382.361520833 1281.35048301
BB user1 13 2500 382.361520833 0 382.361520833 1281.35048301
BB user1 14 2500 382.361520833 0 382.361520833 1281.35048301
BB user1 15 2500 382.361520833 0 382.361520833 1281.35048301
BB user1 16 2500 382.361520833 0 382.361520833 1281.35048301
BB user1 17 2500 382.361520833 0 382.361520833 1281.35048301
BB user1 18 2500 382.361520833 0 382.361520833 1281.35048301
BB user1 19 2500 382.361520833 0 382.361520833 1281.35048301
BB user1 20 2500 382.361520833 0 382.361520833 1281.35048301
BB user2 1 2000 382.361520833 0 382.361520833 532.407988614
BB user2 2 2000 382.361520833 0 382.361520833 532.407988614
BB user2 3 2000 382.361520833 0 382.361520833 532.407988614
BB user2 4 2000 382.361520833 0 382.361520833 532.407988614
BB user2 5 2000 382.361520833 0 382.361520833 532.407988614
BB user2 6 2000 382.361520833 0 382.361520833 532.407988614
BB user2 7 2000 382.361520833 0 382.361520833 532.407988614
BB user2 8 2000 382.361520833 0 382.361520833 532.407988614
BB user2 9 2000 382.361520833 0 382.361520833 532.407988614
BB user2 10 2000 382.361520833 0 382.361520833 532.407988614
BB user2 11 2000 382.361520833 0 382.361520833 532.407988614
BB user2 12 2000 382.361520833 0 382.361520833 532.407988614
BB user2 13 2000 382.361520833 0 382.361520833 532.407988614
BB user2 14 2000 382.361520833 0 382.361520833 532.407988614
BB user2 15 2000 382.361520833 0 382.361520833 532.407988614
BB user2 16 2000 382.361520833 0 382.361520833 532.407988614
BB user2 17 2000 382.361520833 0 382.361520833 532.407988614
BB user2 18 2000 382.361520833 0 382.361520833 532.407988614
BB user2 19 2000 382.361520833 0 382.361520833 532.407988614
BB user2 20 2000 382.361520833 0 382.361520833 532.407988614
BB user2 21 2000 382.361520833 0 382.361520833 532.407988614
BB user2 22 2000 382.361520833 0 382.361520833 532.407988614
BB user2 23 2000 382.361520833 0 382.361520833 532.407988614
BB user2 24 2000 382.361520833 0 382.361520833 532.407988614
BB user2 25 2000 382.361520833 0 382.361520833 532.407988614
BB user2 26 2000 382.361520833 0 382.361520833 532.407988614
BB user2 27 2000 382.361520833 0 382.361520833 532.407988614
BB user2 28 2000 382.361520833 0 382.361520833 532.407988614
BB user2 29 2000 382.361520833 0 382.361520833 532.407988614
BB user2 30 2000 382.361520833 0 382.361520833 532.407988614
----------------------------------------------
CC user1 1 2500 674.6 0 674.6 1955.95048301
CC user1 2 2500 674.6 0 674.6 1955.95048301
CC user1 3 2500 674.6 0 674.6 1955.95048301
CC user1 4 2500 674.6 0 674.6 1955.95048301
CC user1 5 2500 674.6 0 674.6 1955.95048301
CC user1 6 2500 674.6 0 674.6 1955.95048301
CC user1 7 2500 674.6 0 674.6 1955.95048301
CC user1 8 2500 674.6 0 674.6 1955.95048301
CC user1 9 2500 674.6 0 674.6 1955.95048301
CC user1 10 2500 674.6 0 674.6 1955.95048301
CC user1 11 2500 674.6 0 674.6 1955.95048301
CC user1 12 2500 674.6 0 674.6 1955.95048301
CC user1 13 2500 674.6 0 674.6 1955.95048301
CC user1 14 2500 674.6 0 674.6 1955.95048301
CC user1 15 2500 674.6 0 674.6 1955.95048301
CC user1 16 2500 674.6 0 674.6 1955.95048301
CC user1 17 2500 674.6 0 674.6 1955.95048301
CC user1 18 2500 674.6 0 674.6 1955.95048301
CC user1 19 2500 674.6 0 674.6 1955.95048301
CC user1 20 2500 674.6 0 674.6 1955.95048301
CC user2 1 2000 674.6 0 674.6 1207.00798861
CC user2 2 2000 674.6 0 674.6 1207.00798861
CC user2 3 2000 674.6 0 674.6 1207.00798861
CC user2 4 2000 674.6 0 674.6 1207.00798861
CC user2 5 2000 674.6 0 674.6 1207.00798861
CC user2 6 2000 674.6 0 674.6 1207.00798861
CC user2 7 2000 674.6 0 674.6 1207.00798861
CC user2 8 2000 674.6 0 674.6 1207.00798861
CC user2 9 2000 674.6 0 674.6 1207.00798861
CC user2 10 2000 674.6 0 674.6 1207.00798861
CC user2 11 2000 674.6 0 674.6 1207.00798861
CC user2 12 2000 674.6 0 674.6 1207.00798861
CC user2 13 2000 674.6 0 674.6 1207.00798861
CC user2 14 2000 674.6 0 674.6 1207.00798861
CC user2 15 2000 674.6 0 674.6 1207.00798861
CC user2 16 2000 674.6 0 674.6 1207.00798861
CC user2 17 2000 674.6 0 674.6 1207.00798861
CC user2 18 2000 674.6 0 674.6 1207.00798861
CC user2 19 2000 674.6 0 674.6 1207.00798861
CC user2 20 2000 674.6 0 674.6 1207.00798861
CC user2 21 2000 674.6 0 674.6 1207.00798861
CC user2 22 2000 674.6 0 674.6 1207.00798861
CC user2 23 2000 674.6 0 674.6 1207.00798861
CC user2 24 2000 674.6 0 674.6 1207.00798861
CC user2 25 2000 674.6 0 674.6 1207.00798861
CC user2 26 2000 674.6 0 674.6 1207.00798861
CC user2 27 2000 674.6 0 674.6 1207.00798861
CC user2 28 2000 674.6 0 674.6 1207.00798861
CC user2 29 2000 674.6 0 674.6 1207.00798861
CC user2 30 2000 674.6 0 674.6 1207.00798861
CC user3 1 2000 502.8 674.6 1177.4 1177.4
CC user3 2 2000 502.8 674.6 1177.4 1177.4
CC user3 3 2000 502.8 674.6 1177.4 1177.4
CC user3 4 2000 502.8 674.6 1177.4 1177.4
CC user3 5 2000 502.8 674.6 1177.4 1177.4
CC user3 6 2000 502.8 674.6 1177.4 1177.4
CC user3 7 2000 502.8 674.6 1177.4 1177.4
CC user3 8 2000 502.8 674.6 1177.4 1177.4
CC user3 9 2000 502.8 674.6 1177.4 1177.4
CC user3 10 2000 502.8 674.6 1177.4 1177.4
CC user3 11 2000 502.8 674.6 1177.4 1177.4
CC user3 12 2000 502.8 674.6 1177.4 1177.4
CC user3 13 2000 502.8 674.6 1177.4 1177.4
CC user3 14 2000 502.8 674.6 1177.4 1177.4
CC user3 15 2000 502.8 674.6 1177.4 1177.4
CC user3 16 2000 502.8 674.6 1177.4 1177.4
CC user3 17 2000 502.8 674.6 1177.4 1177.4
CC user3 18 2000 502.8 674.6 1177.4 1177.4
CC user3 19 2000 502.8 674.6 1177.4 1177.4
CC user3 20 2000 502.8 674.6 1177.4 1177.4
CC user3 21 2000 502.8 674.6 1177.4 1177.4
CC user3 22 2000 502.8 674.6 1177.4 1177.4
CC user3 23 2000 502.8 674.6 1177.4 1177.4
CC user3 24 2000 502.8 674.6 1177.4 1177.4
CC user3 25 2000 502.8 674.6 1177.4 1177.4
CC user3 26 2000 502.8 674.6 1177.4 1177.4
CC user3 27 2000 502.8 674.6 1177.4 1177.4
CC user3 28 2000 502.8 674.6 1177.4 1177.4
CC user3 29 2000 502.8 674.6 1177.4 1177.4
CC user3 30 2000 502.8 674.6 1177.4 1177.4
CC user3 31 2000 502.8 674.6 1177.4 1177.4
CC user3 32 2000 502.8 674.6 1177.4 1177.4
CC user3 33 2000 502.8 674.6 1177.4 1177.4
CC user3 34 2000 502.8 674.6 1177.4 1177.4
CC user3 35 2000 502.8 674.6 1177.4 1177.4
----------------------------------------------
II user2 1 2000 819.166666667 0 819.166666667 2026.17465528
II user2 2 2000 819.166666667 0 819.166666667 2026.17465528
II user2 3 2000 819.166666667 0 819.166666667 2026.17465528
II user2 4 2000 819.166666667 0 819.166666667 2026.17465528
II user2 5 2000 819.166666667 0 819.166666667 2026.17465528
II user2 6 2000 819.166666667 0 819.166666667 2026.17465528
II user2 7 2000 819.166666667 0 819.166666667 2026.17465528
II user2 8 2000 819.166666667 0 819.166666667 2026.17465528
II user2 9 2000 819.166666667 0 819.166666667 2026.17465528
II user2 10 2000 819.166666667 0 819.166666667 2026.17465528
II user2 11 2000 819.166666667 0 819.166666667 2026.17465528
II user2 12 2000 819.166666667 0 819.166666667 2026.17465528
II user2 13 2000 819.166666667 0 819.166666667 2026.17465528
II user2 14 2000 819.166666667 0 819.166666667 2026.17465528
II user2 15 2000 819.166666667 0 819.166666667 2026.17465528
II user2 16 2000 819.166666667 0 819.166666667 2026.17465528
II user2 17 2000 819.166666667 0 819.166666667 2026.17465528
II user2 18 2000 819.166666667 0 819.166666667 2026.17465528
II user2 19 2000 819.166666667 0 819.166666667 2026.17465528
II user2 20 2000 819.166666667 0 819.166666667 2026.17465528
II user2 21 2000 819.166666667 0 819.166666667 2026.17465528
II user2 22 2000 819.166666667 0 819.166666667 2026.17465528
II user2 23 2000 819.166666667 0 819.166666667 2026.17465528
II user2 24 2000 819.166666667 0 819.166666667 2026.17465528
II user2 25 2000 819.166666667 0 819.166666667 2026.17465528
II user2 26 2000 819.166666667 0 819.166666667 2026.17465528
II user2 27 2000 819.166666667 0 819.166666667 2026.17465528
II user2 28 2000 819.166666667 0 819.166666667 2026.17465528
II user2 29 2000 819.166666667 0 819.166666667 2026.17465528
II user2 30 2000 819.166666667 0 819.166666667 2026.17465528
II user3 1 2000 819.166666667 0 819.166666667 1996.56666667
II user3 2 2000 819.166666667 0 819.166666667 1996.56666667
II user3 3 2000 819.166666667 0 819.166666667 1996.56666667
II user3 4 2000 819.166666667 0 819.166666667 1996.56666667
II user3 5 2000 819.166666667 0 819.166666667 1996.56666667
II user3 6 2000 819.166666667 0 819.166666667 1996.56666667
II user3 7 2000 819.166666667 0 819.166666667 1996.56666667
II user3 8 2000 819.166666667 0 819.166666667 1996.56666667
II user3 9 2000 819.166666667 0 819.166666667 1996.56666667
II user3 10 2000 819.166666667 0 819.166666667 1996.56666667
II user3 11 2000 819.166666667 0 819.166666667 1996.56666667
II user3 12 2000 819.166666667 0 819.166666667 1996.56666667
II user3 13 2000 819.166666667 0 819.166666667 1996.56666667
II user3 14 2000 819.166666667 0 819.166666667 1996.56666667
II user3 15 2000 819.166666667 0 819.166666667 1996.56666667
II user3 16 2000 819.166666667 0 819.166666667 1996.56666667
II user3 17 2000 819.166666667 0 819.166666667 1996.56666667
II user3 18 2000 819.166666667 0 819.166666667 1996.56666667
II user3 19 2000 819.166666667 0 819.166666667 1996.56666667
II user3 20 2000 819.166666667 0 819.166666667 1996.56666667
II user3 21 2000 596.166666667 819.166666667 1415.33333333 2592.73333333
II user3 22 2000 596.166666667 819.166666667 1415.33333333 2592.73333333
II user3 23 2000 596.166666667 819.166666667 1415.33333333 2592.73333333
II user3 24 2000 596.166666667 819.166666667 1415.33333333 2592.73333333
II user3 25 2000 596.166666667 819.166666667 1415.33333333 2592.73333333
II user3 26 2000 596.166666667 819.166666667 1415.33333333 2592.73333333
II user3 27 2000 596.166666667 819.166666667 1415.33333333 2592.73333333
II user3 28 2000 596.166666667 819.166666667 1415.33333333 2592.73333333
II user3 29 2000 596.166666667 819.166666667 1415.33333333 2592.73333333
II user3 30 2000 596.166666667 819.166666667 1415.33333333 2592.73333333
II user3 31 2000 596.166666667 819.166666667 1415.33333333 2592.73333333
II user3 32 2000 596.166666667 819.166666667 1415.33333333 2592.73333333
II user3 33 2000 596.166666667 819.166666667 1415.33333333 2592.73333333
II user3 34 2000 596.166666667 819.166666667 1415.33333333 2592.73333333
II user3 35 2000 596.166666667 819.166666667 1415.33333333 2592.73333333
