----------------------------------------------
PP
PP user1 1 2500 898.988962173 0 898.988962173 898.988962173
PP user1 2 2500 898.988962173 0 898.988962173 898.988962173
PP user1 3 2500 898.988962173 0 898.988962173 898.988962173
PP user1 4 2500 898.988962173 0 898.988962173 898.988962173
PP user1 5 2500 898.988962173 0 898.988962173 898.988962173
PP user1 6 2500 898.988962173 0 898.988962173 898.988962173
PP user1 7 2500 898.988962173 0 898.988962173 898.988962173
PP user1 8 2500 898.988962173 0 898.988962173 898.988962173
PP user1 9 2500 898.988962173 0 898.988962173 898.988962173
PP user1 10 2500 898.988962173 0 898.988962173 898.988962173
PP user1 11 2500 898.988962173 0 898.988962173 898.988962173
PP user1 12 2500 898.988962173 0 898.988962173 898.988962173
PP user1 13 2500 898.988962173 0 898.988962173 898.988962173
PP user1 14 2500 898.988962173 0 898.988962173 898.988962173
PP user1 15 2500 898.988962173 0 898.988962173 898.988962173
PP user1 16 2500 898.988962173 0 898.988962173 898.988962173
PP user1 17 2500 898.988962173 0 898.988962173 898.988962173
PP user1 18 2500 898.988962173 0 898.988962173 898.988962173
PP user1 19 2500 898.988962173 0 898.988962173 898.988962173
PP user1 20 2500 898.988962173 0 898.988962173 898.988962173
----------------------------------------------
DD
DD user2 1 2000 150.046467781 0 150.046467781 150.046467781
DD user2 2 2000 150.046467781 0 150.046467781 150.046467781
DD user2 3 2000 150.046467781 0 150.046467781 150.046467781
DD user2 4 2000 150.046467781 0 150.046467781 150.046467781
DD user2 5 2000 150.046467781 0 150.046467781 150.046467781
DD user2 6 2000 150.046467781 0 150.046467781 150.046467781
DD user2 7 2000 150.046467781 0 150.046467781 150.046467781
DD user2 8 2000 150.046467781 0 150.046467781 150.046467781
DD user2 9 2000 150.046467781 0 150.046467781 150.046467781
DD user2 10 2000 150.046467781 0 150.046467781 150.046467781
DD user2 11 2000 150.046467781 0 150.046467781 150.046467781
DD user2 12 2000 150.046467781 0 150.046467781 150.046467781
DD user2 13 2000 150.046467781 0 150.046467781 150.046467781
DD user2 14 2000 150.046467781 0 150.046467781 150.046467781
DD user2 15 2000 150.046467781 0 150.046467781 150.046467781
DD user2 16 2000 150.046467781 0 150.046467781 150.046467781
DD user2 17 2000 150.046467781 0 150.046467781 150.046467781
DD user2 18 2000 150.046467781 0 150.046467781 150.046467781
DD user2 19 2000 150.046467781 0 150.046467781 150.046467781
DD user2 20 2000 150.046467781 0 150.046467781 150.046467781
DD user2 21 2000 150.046467781 0 150.046467781 150.046467781
DD user2 22 2000 150.046467781 0 150.046467781 150.046467781
DD user2 23 2000 150.046467781 0 150.046467781 150.046467781
DD user2 24 2000 150.046467781 0 150.046467781 150.046467781
DD user2 25 2000 150.046467781 0 150.046467781 150.046467781
DD user2 26 2000 150.046467781 0 150.046467781 150.046467781
DD user2 27 2000 150.046467781 0 150.046467781 150.046467781
DD user2 28 2000 150.046467781 0 150.046467781 150.046467781
DD user2 29 2000 150.046467781 0 150.046467781 150.046467781
DD user2 30 2000 150.046467781 0 150.046467781 150.046467781
----------------------------------------------
BB
BB user1 1 2500 382.361520833 0 382.361520833 1281.35048301
BB user1 2 2500 382.361520833 0 382.361520833 1281.35048301
BB user1 3 2500 382.361520833 0 382.361520833 1281.35048301
BB user1 4 2500 382.361520833 0 382.361520833 1281.35048301
BB user1 5 2500 382.361520833 0 382.361520833 1281.35048301
BB user1 6 2500 382.361520833 0 382.361520833 1281.35048301
BB user1 7 2500 382.361520833 0 382.361520833 1281.35048301
BB user1 8 2500 382.361520833 0 382.361520833 1281.35048301
BB user1 9 2500 382.361520833 0 382.361520833 1281.35048301
BB user1 10 2500 382.361520833 0 382.361520833 1281.35048301
BB user1 11 2500 382.361520833 0 382.361520833 1281.35048301
BB user1 12 2500 382.361520833 0 382.361520833 1281.35048301
BB user1 13 2500 382.361520833 0 382.361520833 1281.35048301
BB user1 14 2500 382.361520833 0 382.361520833 1281.35048301
BB user1 15 2500 382.361520833 0 382.361520833 1281.35048301
BB user1 16 2500 382.361520833 0 382.361520833 1281.35048301
BB user1 17 2500 382.361520833 0 382.361520833 1281.35048301
BB user1 18 2500 382.361520833 0 382.361520833 1281.35048301
BB user1 19 2500 382.361520833 0 382.361520833 1281.35048301
BB user1 20 2500 382.361520833 0 382.361520833 1281.35048301
BB user2 1 2000 382.361520833 0 382.361520833 532.407988614
BB user2 2 2000 382.361520833 0 382.361520833 532.407988614
BB user2 3 2000 382.361520833 0 382.361520833 532.407988614
BB user2 4 2000 382.361520833 0 382.361520833 532.407988614
BB user2 5 2000 382.361520833 0 382.361520833 532.407988614
BB user2 6 2000 382.361520833 0 382.361520833 532.407988614
BB user2 7 2000 382.361520833 0 382.361520833 532.407988614
BB user2 8 2000 382.361520833 0 382.361520833 532.407988614
BB user2 9 2000 382.361520833 0 382.361520833 532.407988614
BB user2 10 2000 382.361520833 0 382.361520833 532.407988614
BB user2 11 2000 382.361520833 0 382.361520833 532.407988614
BB user2 12 2000 382.361520833 0 382.361520833 532.407988614
BB user2 13 2000 382.361520833 0 382.361520833 532.407988614
BB user2 14 2000 382.361520833 0 382.361520833 532.407988614
BB user2 15 2000 382.361520833 0 382.361520833 532.407988614
BB user2 16 2000 382.361520833 0 382.361520833 532.407988614
BB user2 17 2000 382.361520833 0 382.361520833 532.407988614
BB user2 18 2000 382.361520833 0 382.361520833 532.407988614
BB user2 19 2000 382.361520833 0 382.361520833 532.407988614
BB user2 20 2000 382.361520833 0 382.361520833 532.407988614
BB user2 21 2000 382.361520833 0 382.361520833 532.407988614
BB user2 22 2000 382.361520833 0 382.361520833 532.407988614
BB user2 23 2000 382.361520833 0 382.361520833 532.407988614
BB user2 24 2000 382.361520833 0 382.361520833 532.407988614
BB user2 25 2000 382.361520833 0 382.361520833 532.407988614
BB user2 26 2000 382.361520833 0 382.361520833 532.407988614
BB user2 27 2000 382.361520833 0 382.361520833 532.407988614
BB user2 28 2000 382.361520833 0 382.361520833 532.407988614
BB user2 29 2000 382.361520833 0 382.361520833 532.407988614
BB user2 30 2000 382.361520833 0 382.361520833 532.407988614
----------------------------------------------
CC
CC user1 1 2500 889.4 0 889.4 2170.75048301
CC user1 2 2500 889.4 0 889.4 2170.75048301
CC user1 3 2500 889.4 0 889.4 2170.75048301
CC user1 4 2500 889.4 0 889.4 2170.75048301
CC user1 5 2500 889.4 0 889.4 2170.75048301
CC user1 6 2500 889.4 0 889.4 2170.75048301
CC user1 7 2500 889.4 0 889.4 2170.75048301
CC user1 8 2500 889.4 0 889.4 2170.75048301
CC user1 9 2500 889.4 0 889.4 2170.75048301
CC user1 10 2500 889.4 0 889.4 2170.75048301
CC user1 11 2500 889.4 0 889.4 2170.75048301
CC user1 12 2500 889.4 0 889.4 2170.75048301
CC user1 13 2500 889.4 0 889.4 2170.75048301
CC user1 14 2500 889.4 0 889.4 2170.75048301
CC user1 15 2500 889.4 0 889.4 2170.75048301
CC user1 16 2500 889.4 0 889.4 2170.75048301
CC user1 17 2500 889.4 0 889.4 2170.75048301
CC user1 18 2500 889.4 0 889.4 2170.75048301
CC user1 19 2500 889.4 0 889.4 2170.75048301
CC user1 20 2500 889.4 0 889.4 2170.75048301
CC user2 1 2000 889.4 0 889.4 1421.80798861
CC user2 2 2000 889.4 0 889.4 1421.80798861
CC user2 3 2000 889.4 0 889.4 1421.80798861
CC user2 4 2000 889.4 0 889.4 1421.80798861
CC user2 5 2000 889.4 0 889.4 1421.80798861
CC user2 6 2000 889.4 0 889.4 1421.80798861
CC user2 7 2000 889.4 0 889.4 1421.80798861
CC user2 8 2000 889.4 0 889.4 1421.80798861
CC user2 9 2000 889.4 0 889.4 1421.80798861
CC user2 10 2000 889.4 0 889.4 1421.80798861
CC user2 11 2000 889.4 0 889.4 1421.80798861
CC user2 12 2000 889.4 0 889.4 1421.80798861
CC user2 13 2000 889.4 0 889.4 1421.80798861
CC user2 14 2000 889.4 0 889.4 1421.80798861
CC user2 15 2000 889.4 0 889.4 1421.80798861
CC user2 16 2000 889.4 0 889.4 1421.80798861
CC user2 17 2000 889.4 0 889.4 1421.80798861
CC user2 18 2000 889.4 0 889.4 1421.80798861
CC user2 19 2000 889.4 0 889.4 1421.80798861
CC user2 20 2000 889.4 0 889.4 1421.80798861
CC user2 21 2000 889.4 0 889.4 1421.80798861
CC user2 22 2000 889.4 0 889.4 1421.80798861
CC user2 23 2000 889.4 0 889.4 1421.80798861
CC user2 24 2000 889.4 0 889.4 1421.80798861
CC user2 25 2000 889.4 0 889.4 1421.80798861
CC user2 26 2000 889.4 0 889.4 1421.80798861
CC user2 27 2000 889.4 0 889.4 1421.80798861
CC user2 28 2000 889.4 0 889.4 1421.80798861
CC user2 29 2000 889.4 0 889.4 1421.80798861
CC user2 30 2000 889.4 0 889.4 1421.80798861
CC user3 1 2000 889.4 0 889.4 889.4
CC user3 2 2000 889.4 0 889.4 889.4
CC user3 3 2000 889.4 0 889.4 889.4
CC user3 4 2000 889.4 0 889.4 889.4
CC user3 5 2000 889.4 0 889.4 889.4
CC user3 6 2000 889.4 0 889.4 889.4
CC user3 7 2000 889.4 0 889.4 889.4
CC user3 8 2000 889.4 0 889.4 889.4
CC user3 9 2000 889.4 0 889.4 889.4
CC user3 10 2000 889.4 0 889.4 889.4
CC user3 11 2000 889.4 0 889.4 889.4
CC user3 12 2000 889.4 0 889.4 889.4
CC user3 13 2000 889.4 0 889.4 889.4
CC user3 14 2000 889.4 0 889.4 889.4
CC user3 15 2000 889.4 0 889.4 889.4
CC user3 16 2000 889.4 0 889.4 889.4
CC user3 17 2000 889.4 0 889.4 889.4
CC user3 18 2000 889.4 0 889.4 889.4
CC user3 19 2000 889.4 0 889.4 889.4
CC user3 20 2000 889.4 0 889.4 889.4
CC user3 21 2000 889.4 0 889.4 889.4
CC user3 22 2000 889.4 0 889.4 889.4
CC user3 23 2000 889.4 0 889.4 889.4
CC user3 24 2000 889.4 0 889.4 889.4
CC user3 25 2000 889.4 0 889.4 889.4
CC user3 26 2000 889.4 0 889.4 889.4
CC user3 27 2000 889.4 0 889.4 889.4
CC user3 28 2000 889.4 0 889.4 889.4
CC user3 29 2000 889.4 0 889.4 889.4
CC user3 30 2000 889.4 0 889.4 889.4
CC user3 31 2000 889.4 0 889.4 889.4
CC user3 32 2000 889.4 0 889.4 889.4
CC user3 33 2000 889.4 0 889.4 889.4
CC user3 34 2000 889.4 0 889.4 889.4
CC user3 35 2000 889.4 0 889.4 889.4
----------------------------------------------
II
II user2 1 2000 577.666666667 0 577.666666667 1999.47465528
II user2 2 2000 577.666666667 0 577.666666667 1999.47465528
II user2 3 2000 577.666666667 0 577.666666667 1999.47465528
II user2 4 2000 577.666666667 0 577.666666667 1999.47465528
II user2 5 2000 577.666666667 0 577.666666667 1999.47465528
II user2 6 2000 577.666666667 0 577.666666667 1999.47465528
II user2 7 2000 577.666666667 0 577.666666667 1999.47465528
II user2 8 2000 577.666666667 0 577.666666667 1999.47465528
II user2 9 2000 577.666666667 0 577.666666667 1999.47465528
II user2 10 2000 577.666666667 0 577.666666667 1999.47465528
II user2 11 2000 577.666666667 0 577.666666667 1999.47465528
II user2 12 2000 577.666666667 0 577.666666667 1999.47465528
II user2 13 2000 577.666666667 0 577.666666667 1999.47465528
II user2 14 2000 577.666666667 0 577.666666667 1999.47465528
II user2 15 2000 335.166666667 577.666666667 912.833333333 2334.64132195
II user2 16 2000 335.166666667 912.833333333 1248.0 2669.80798861
II user2 17 2000 335.166666667 1248.0 1583.16666667 3004.97465528
II user2 18 2000 335.166666667 1583.16666667 1918.33333333 3340.14132195
II user2 19 2000 335.166666667 1918.33333333 2253.5 3675.30798861
II user2 20 2000 335.166666667 2253.5 2588.66666667 4010.47465528
II user2 21 2000 335.166666667 2588.66666667 2923.83333333 4345.64132195
II user2 22 2000 335.166666667 2923.83333333 3259.0 4680.80798861
II user2 23 2000 335.166666667 3259.0 3594.16666667 5015.97465528
II user2 24 2000 335.166666667 3594.16666667 3929.33333333 5351.14132195
II user2 25 2000 335.166666667 3929.33333333 4264.5 5686.30798861
II user2 26 2000 335.166666667 4264.5 4599.66666667 6021.47465528
II user2 27 2000 335.166666667 4599.66666667 4934.83333333 6356.64132195
II user2 28 2000 335.166666667 4934.83333333 5270.0 6691.80798861
II user2 29 2000 335.166666667 5270.0 5605.16666667 7026.97465528
II user2 30 2000 335.166666667 5605.16666667 5940.33333333 7362.14132195
II user3 1 2000 335.166666667 5940.33333333 6275.5 7164.9
II user3 2 2000 335.166666667 6275.5 6610.66666667 7500.06666667
II user3 3 2000 335.166666667 6610.66666667 6945.83333333 7835.23333333
II user3 4 2000 335.166666667 6945.83333333 7281.0 8170.4
II user3 5 2000 335.166666667 7281.0 7616.16666667 8505.56666667
II user3 6 2000 335.166666667 7616.16666667 7951.33333333 8840.73333333
II user3 7 2000 335.166666667 7951.33333333 8286.5 9175.9
II user3 8 2000 335.166666667 8286.5 8621.66666667 9511.06666667
II user3 9 2000 335.166666667 8621.66666667 8956.83333333 9846.23333333
II user3 10 2000 335.166666667 8956.83333333 9292.0 10181.4
II user3 11 2000 335.166666667 9292.0 9627.16666667 10516.5666667
II user3 12 2000 335.166666667 9627.16666667 9962.33333333 10851.7333333
II user3 13 2000 335.166666667 9962.33333333 10297.5 11186.9
II user3 14 2000 335.166666667 10297.5 10632.6666667 11522.0666667
II user3 15 2000 335.166666667 10632.6666667 10967.8333333 11857.2333333
II user3 16 2000 335.166666667 10967.8333333 11303.0 12192.4
II user3 17 2000 335.166666667 11303.0 11638.1666667 12527.5666667
II user3 18 2000 335.166666667 11638.1666667 11973.3333333 12862.7333333
II user3 19 2000 335.166666667 11973.3333333 12308.5 13197.9
II user3 20 2000 335.166666667 12308.5 12643.6666667 13533.0666667
II user3 21 2000 335.166666667 12643.6666667 12978.8333333 13868.2333333
II user3 22 2000 335.166666667 12978.8333333 13314.0 14203.4
II user3 23 2000 335.166666667 13314.0 13649.1666667 14538.5666667
II user3 24 2000 335.166666667 13649.1666667 13984.3333333 14873.7333333
II user3 25 2000 335.166666667 13984.3333333 14319.5 15208.9
II user3 26 2000 335.166666667 14319.5 14654.6666667 15544.0666667
II user3 27 2000 335.166666667 14654.6666667 14989.8333333 15879.2333333
II user3 28 2000 335.166666667 14989.8333333 15325.0 16214.4
II user3 29 2000 335.166666667 15325.0 15660.1666667 16549.5666667
II user3 30 2000 335.166666667 15660.1666667 15995.3333333 16884.7333333
II user3 31 2000 335.166666667 15995.3333333 16330.5 17219.9
II user3 32 2000 335.166666667 16330.5 16665.6666667 17555.0666667
II user3 33 2000 335.166666667 16665.6666667 17000.8333333 17890.2333333
II user3 34 2000 335.166666667 17000.8333333 17336.0 18225.4
II user3 35 2000 335.166666667 17336.0 17671.1666667 18560.5666667
