----------------------------------------------
PP
PP user1 1 2500 461.187958717 0 461.187958717 461.187958717
PP user1 2 2500 461.187958717 0 461.187958717 461.187958717
PP user1 3 2500 461.187958717 0 461.187958717 461.187958717
PP user1 4 2500 461.187958717 0 461.187958717 461.187958717
PP user1 5 2500 461.187958717 0 461.187958717 461.187958717
PP user1 6 2500 461.187958717 0 461.187958717 461.187958717
PP user1 7 2500 461.187958717 0 461.187958717 461.187958717
PP user1 8 2500 461.187958717 0 461.187958717 461.187958717
PP user1 9 2500 461.187958717 0 461.187958717 461.187958717
PP user1 10 2500 461.187958717 0 461.187958717 461.187958717
----------------------------------------------
DD
DD user2 1 1800 150.046467781 0 150.046467781 150.046467781
DD user2 2 1800 150.046467781 0 150.046467781 150.046467781
DD user2 3 1800 150.046467781 0 150.046467781 150.046467781
DD user2 4 1800 150.046467781 0 150.046467781 150.046467781
DD user2 5 1800 150.046467781 0 150.046467781 150.046467781
DD user2 6 1800 150.046467781 0 150.046467781 150.046467781
DD user2 7 1800 150.046467781 0 150.046467781 150.046467781
DD user2 8 1800 150.046467781 0 150.046467781 150.046467781
DD user2 9 1800 150.046467781 0 150.046467781 150.046467781
DD user2 10 1800 150.046467781 0 150.046467781 150.046467781
DD user2 11 1800 150.046467781 0 150.046467781 150.046467781
DD user2 12 1800 150.046467781 0 150.046467781 150.046467781
DD user2 13 1800 150.046467781 0 150.046467781 150.046467781
DD user2 14 1800 150.046467781 0 150.046467781 150.046467781
DD user2 15 1800 150.046467781 0 150.046467781 150.046467781
DD user2 16 1800 150.046467781 0 150.046467781 150.046467781
DD user2 17 1800 150.046467781 0 150.046467781 150.046467781
DD user2 18 1800 150.046467781 0 150.046467781 150.046467781
DD user2 19 1800 150.046467781 0 150.046467781 150.046467781
DD user2 20 1800 150.046467781 0 150.046467781 150.046467781
DD user2 21 1800 150.046467781 0 150.046467781 150.046467781
DD user2 22 1800 150.046467781 0 150.046467781 150.046467781
DD user2 23 1800 150.046467781 0 150.046467781 150.046467781
DD user2 24 1800 150.046467781 0 150.046467781 150.046467781
DD user2 25 1800 150.046467781 0 150.046467781 150.046467781
DD user2 26 1800 150.046467781 0 150.046467781 150.046467781
DD user2 27 1800 150.046467781 0 150.046467781 150.046467781
DD user2 28 1800 150.046467781 0 150.046467781 150.046467781
DD user2 29 1800 150.046467781 0 150.046467781 150.046467781
DD user2 30 1800 150.046467781 0 150.046467781 150.046467781
----------------------------------------------
BB
BB user1 1 2500 315.697395833 0 315.697395833 776.88535455
BB user1 2 2500 315.697395833 0 315.697395833 776.88535455
BB user1 3 2500 315.697395833 0 315.697395833 776.88535455
BB user1 4 2500 315.697395833 0 315.697395833 776.88535455
BB user1 5 2500 315.697395833 0 315.697395833 776.88535455
BB user1 6 2500 315.697395833 0 315.697395833 776.88535455
BB user1 7 2500 315.697395833 0 315.697395833 776.88535455
BB user1 8 2500 315.697395833 0 315.697395833 776.88535455
BB user1 9 2500 315.697395833 0 315.697395833 776.88535455
BB user1 10 2500 315.697395833 0 315.697395833 776.88535455
BB user2 1 1800 315.697395833 0 315.697395833 465.743863614
BB user2 2 1800 315.697395833 0 315.697395833 465.743863614
BB user2 3 1800 315.697395833 0 315.697395833 465.743863614
BB user2 4 1800 315.697395833 0 315.697395833 465.743863614
BB user2 5 1800 315.697395833 0 315.697395833 465.743863614
BB user2 6 1800 315.697395833 0 315.697395833 465.743863614
BB user2 7 1800 315.697395833 0 315.697395833 465.743863614
BB user2 8 1800 315.697395833 0 315.697395833 465.743863614
BB user2 9 1800 315.697395833 0 315.697395833 465.743863614
BB user2 10 1800 315.697395833 0 315.697395833 465.743863614
BB user2 11 1800 315.697395833 0 315.697395833 465.743863614
BB user2 12 1800 315.697395833 0 315.697395833 465.743863614
BB user2 13 1800 315.697395833 0 315.697395833 465.743863614
BB user2 14 1800 315.697395833 0 315.697395833 465.743863614
BB user2 15 1800 315.697395833 0 315.697395833 465.743863614
BB user2 16 1800 315.697395833 0 315.697395833 465.743863614
BB user2 17 1800 315.697395833 0 315.697395833 465.743863614
BB user2 18 1800 315.697395833 0 315.697395833 465.743863614
BB user2 19 1800 315.697395833 0 315.697395833 465.743863614
BB user2 20 1800 315.697395833 0 315.697395833 465.743863614
BB user2 21 1800 315.697395833 0 315.697395833 465.743863614
BB user2 22 1800 315.697395833 0 315.697395833 465.743863614
BB user2 23 1800 315.697395833 0 315.697395833 465.743863614
BB user2 24 1800 315.697395833 0 315.697395833 465.743863614
BB user2 25 1800 315.697395833 0 315.697395833 465.743863614
BB user2 26 1800 315.697395833 0 315.697395833 465.743863614
BB user2 27 1800 315.697395833 0 315.697395833 465.743863614
BB user2 28 1800 315.697395833 0 315.697395833 465.743863614
BB user2 29 1800 315.697395833 0 315.697395833 465.743863614
BB user2 30 1800 315.697395833 0 315.697395833 465.743863614
----------------------------------------------
CC
CC user1 1 2500 674.6 0 674.6 1451.48535455
CC user1 2 2500 674.6 0 674.6 1451.48535455
CC user1 3 2500 674.6 0 674.6 1451.48535455
CC user1 4 2500 674.6 0 674.6 1451.48535455
CC user1 5 2500 674.6 0 674.6 1451.48535455
CC user1 6 2500 674.6 0 674.6 1451.48535455
CC user1 7 2500 674.6 0 674.6 1451.48535455
CC user1 8 2500 674.6 0 674.6 1451.48535455
CC user1 9 2500 674.6 0 674.6 1451.48535455
CC user1 10 2500 674.6 0 674.6 1451.48535455
CC user2 1 1800 674.6 0 674.6 1140.34386361
CC user2 2 1800 674.6 0 674.6 1140.34386361
CC user2 3 1800 674.6 0 674.6 1140.34386361
CC user2 4 1800 674.6 0 674.6 1140.34386361
CC user2 5 1800 674.6 0 674.6 1140.34386361
CC user2 6 1800 674.6 0 674.6 1140.34386361
CC user2 7 1800 674.6 0 674.6 1140.34386361
CC user2 8 1800 674.6 0 674.6 1140.34386361
CC user2 9 1800 674.6 0 674.6 1140.34386361
CC user2 10 1800 674.6 0 674.6 1140.34386361
CC user2 11 1800 674.6 0 674.6 1140.34386361
CC user2 12 1800 674.6 0 674.6 1140.34386361
CC user2 13 1800 674.6 0 674.6 1140.34386361
CC user2 14 1800 674.6 0 674.6 1140.34386361
CC user2 15 1800 674.6 0 674.6 1140.34386361
CC user2 16 1800 674.6 0 674.6 1140.34386361
CC user2 17 1800 674.6 0 674.6 1140.34386361
CC user2 18 1800 674.6 0 674.6 1140.34386361
CC user2 19 1800 674.6 0 674.6 1140.34386361
CC user2 20 1800 674.6 0 674.6 1140.34386361
CC user2 21 1800 674.6 0 674.6 1140.34386361
CC user2 22 1800 674.6 0 674.6 1140.34386361
CC user2 23 1800 674.6 0 674.6 1140.34386361
CC user2 24 1800 674.6 0 674.6 1140.34386361
CC user2 25 1800 674.6 0 674.6 1140.34386361
CC user2 26 1800 674.6 0 674.6 1140.34386361
CC user2 27 1800 674.6 0 674.6 1140.34386361
CC user2 28 1800 674.6 0 674.6 1140.34386361
CC user2 29 1800 674.6 0 674.6 1140.34386361
CC user2 30 1800 674.6 0 674.6 1140.34386361
CC user3 1 1300 674.6 0 674.6 674.6
CC user3 2 1300 674.6 0 674.6 674.6
CC user3 3 1300 674.6 0 674.6 674.6
CC user3 4 1300 674.6 0 674.6 674.6
CC user3 5 1300 674.6 0 674.6 674.6
CC user3 6 1300 674.6 0 674.6 674.6
CC user3 7 1300 674.6 0 674.6 674.6
CC user3 8 1300 674.6 0 674.6 674.6
CC user3 9 1300 674.6 0 674.6 674.6
CC user3 10 1300 674.6 0 674.6 674.6
----------------------------------------------
GG
GG user2 1 1800 550.562500954 0 550.562500954 1690.90636457
GG user2 2 1800 550.562500954 0 550.562500954 1690.90636457
GG user2 3 1800 550.562500954 0 550.562500954 1690.90636457
GG user2 4 1800 550.562500954 0 550.562500954 1690.90636457
GG user2 5 1800 550.562500954 0 550.562500954 1690.90636457
GG user2 6 1800 160.934448242 550.562500954 711.496949196 1851.84081281
GG user2 7 1800 160.934448242 711.496949196 872.431397438 2012.77526105
GG user2 8 1800 160.934448242 872.431397438 1033.36584568 2173.70970929
GG user2 9 1800 160.934448242 1033.36584568 1194.30029392 2334.64415754
GG user2 10 1800 160.934448242 1194.30029392 1355.23474216 2495.57860578
GG user2 11 1800 160.934448242 1355.23474216 1516.16919041 2656.51305402
GG user2 12 1800 160.934448242 1516.16919041 1677.10363865 2817.44750226
GG user2 13 1800 160.934448242 1677.10363865 1838.03808689 2978.3819505
GG user2 14 1800 160.934448242 1838.03808689 1998.97253513 3139.31639875
GG user2 15 1800 160.934448242 1998.97253513 2159.90698337 3300.25084699
GG user2 16 1800 160.934448242 2159.90698337 2320.84143162 3461.18529523
GG user2 17 1800 160.934448242 2320.84143162 2481.77587986 3622.11974347
GG user2 18 1800 160.934448242 2481.77587986 2642.7103281 3783.05419171
GG user2 19 1800 160.934448242 2642.7103281 2803.64477634 3943.98863996
GG user2 20 1800 160.934448242 2803.64477634 2964.57922458 4104.9230882
GG user2 21 1800 160.934448242 2964.57922458 3125.51367283 4265.85753644
GG user2 22 1800 160.934448242 3125.51367283 3286.44812107 4426.79198468
GG user2 23 1800 160.934448242 3286.44812107 3447.38256931 4587.72643292
GG user2 24 1800 160.934448242 3447.38256931 3608.31701755 4748.66088117
GG user2 25 1800 160.934448242 3608.31701755 3769.25146579 4909.59532941
GG user2 26 1800 160.934448242 3769.25146579 3930.18591404 5070.52977765
GG user2 27 1800 160.934448242 3930.18591404 4091.12036228 5231.46422589
GG user2 28 1800 160.934448242 4091.12036228 4252.05481052 5392.39867413
GG user2 29 1800 160.934448242 4252.05481052 4412.98925876 5553.33312238
GG user2 30 1800 160.934448242 4412.98925876 4573.923707 5714.26757062
GG user3 1 1300 550.562500954 0 550.562500954 1225.16250095
GG user3 2 1300 550.562500954 0 550.562500954 1225.16250095
GG user3 3 1300 550.562500954 0 550.562500954 1225.16250095
GG user3 4 1300 550.562500954 0 550.562500954 1225.16250095
GG user3 5 1300 550.562500954 0 550.562500954 1225.16250095
GG user3 6 1300 550.562500954 0 550.562500954 1225.16250095
GG user3 7 1300 550.562500954 0 550.562500954 1225.16250095
GG user3 8 1300 550.562500954 0 550.562500954 1225.16250095
GG user3 9 1300 550.562500954 0 550.562500954 1225.16250095
GG user3 10 1300 550.562500954 0 550.562500954 1225.16250095
